{"auxiliary_edge":[["54","13","158.389267"],["14","53","295.682220"],["52","15","208.958542"],["0","48","93.048378"],["49","1","94.085068"],["20","53","189.569031"],["21","50","71.656540"],["53","49","242.274231"],["52","47","253.854935"],["48","54","289.253845"],["19","14","110.222504"],["15","50","89.603470"],["54","16","106.686600"],["5","7","86.815895"],["6","4","85.146935"],["3","5","81.400246"],["4","2","82.764725"],["8","52","175.677994"],["7","10","105.385010"],["9","11","79.322128"],["11","6","165.978912"],["7","12","166.111404"],["22","24","88.056801"],["23","21","88.277969"],["19","17","44.283180"],["18","15","82.006096"],["2","0","87.965904"],["1","3","85.070557"],["19","20","44.911022"],["11","13","87.367043"],["48","46","87.800911"],["42","25","174.656799"],["28","43","121.926208"],["53","51","142.398956"],["21","52","276.189697"],["54","22","153.759674"],["24","28","127.534309"],["25","23","85.088188"],["26","53","149.488510"],["25","27","82.346825"],["30","35","109.836243"],["29","31","86.977005"],["30","33","84.852814"],["32","34","73.082146"],["34","41","130.361038"],["35","51","142.480789"],["29","40","127.121986"],["36","41","117.885536"],["35","39","81.394104"],["37","39","60.530983"],["38","40","88.192970"],["28","41","98.432716"],["42","44","87.418533"],["43","45","89.274857"],["14","12","86.815895"],["47","45","86.005814"],["44","46","86.821655"],["42","29","96.772926"]],"avg_edge_length":86.16936492919922,"bounding_box":[16.0,5.0,729.0,397.0],"centroid":[402.9878234863281,216.0301513671875],"centroid_tri_idx":50,"edge_list":[["14","52","185.762955"],["52","54","157.934982"],["54","14","125.703926"],["49","52","199.195694"],["52","0","175.143509"],["0","49","48.000000"],["54","21","119.198898"],["21","20","44.102154"],["20","54","88.944901"],["52","48","226.605469"],["48","53","218.700912"],["53","52","251.367264"],["15","54","109.893173"],["54","19","68.189049"],["19","15","73.545906"],["52","6","151.627167"],["6","5","44.418465"],["5","52","146.971466"],["52","4","141.211044"],["4","3","39.661064"],["3","52","142.617310"],["7","11","127.816277"],["11","8","93.059120"],["8","7","43.965897"],["8","10","63.126858"],["10","9","36.069378"],["9","8","43.908997"],["11","10","44.283180"],["5","4","41.868843"],["7","52","158.233734"],["52","11","175.816238"],["53","23","155.605118"],["23","22","45.541191"],["22","53","161.452744"],["19","18","17.204651"],["18","16","47.927029"],["16","19","47.381432"],["1","52","158.434906"],["52","2","148.638763"],["2","1","41.976185"],["16","15","42.047592"],["18","17","30.413813"],["17","16","40.521599"],["50","19","17.204649"],["54","50","73.637444"],["52","12","175.009506"],["12","11","45.607018"],["48","47","43.931767"],["47","53","197.095322"],["3","2","43.462627"],["28","53","121.199188"],["53","42","138.742401"],["42","28","83.150467"],["54","53","169.989029"],["53","21","171.825790"],["53","25","149.875732"],["25","24","42.801868"],["24","53","152.529709"],["25","28","91.983696"],["28","26","57.558666"],["26","25","42.638012"],["28","27","21.213203"],["27","26","42.579338"],["30","29","44.384682"],["29","34","110.063622"],["34","30","81.215759"],["31","30","42.720020"],["34","31","66.128662"],["31","33","49.244289"],["33","32","32.015621"],["32","31","44.721359"],["34","33","42.941822"],["29","35","125.801430"],["35","34","42.190044"],["29","41","98.325989"],["41","35","111.400177"],["36","35","44.553337"],["35","40","87.920418"],["40","36","80.156097"],["36","38","48.093658"],["38","37","22.825424"],["37","36","40.718548"],["36","39","51.865211"],["39","38","44.283180"],["40","39","44.102154"],["41","40","44.407207"],["22","21","43.000000"],["42","51","87.410210"],["51","28","21.213202"],["15","14","43.908997"],["53","43","144.241394"],["43","42","42.941822"],["53","44","151.541229"],["44","43","45.276924"],["14","13","44.944408"],["13","52","177.826050"],["47","46","43.965897"],["46","53","179.633987"],["49","48","45.099888"],["20","50","27.706373"],["53","45","162.960205"],["45","44","44.407207"],["42","41","31.320919"],["41","51","95.956940"],["29","51","22.203384"],["7","6","43.011627"],["24","23","43.081318"],["46","45","42.544094"],["13","12","42.059483"],["1","0","46.173584"]],"edge_to_tri":[[0,42],[0,50],[0,39],[1,44],[1,55],[1],[2,22],[2],[2,45],[3,44],[3,19],[3,50],[4,39],[4,17],[4,15],[5,51],[5],[5,10],[6,10],[6],[6,20],[7,11],[7,9],[7],[8,9],[8],[8],[9],[10],[11,51],[11,18],[12,52],[12],[12,37],[13],[13,16],[13,15],[14,55],[14,20],[14],[15],[16],[16],[17],[17,45],[18,54],[18],[19],[19,43],[20],[21,47],[21,40],[21,38],[22,50],[22,37],[23,47],[23],[23,52],[24,47],[24,25],[24],[25],[25],[26],[26,30],[26,27],[27],[27,29],[28,29],[28],[28],[29],[30,31],[30],[31,49],[31,36],[32],[32,36],[32,35],[33,34],[33],[33],[34,35],[34],[35],[36],[37],[38,48],[38],[39],[40,41],[40],[41,46],[41],[42],[42,54],[43],[43,53],[44],[45],[46,53],[46],[48],[48,49],[49],[51],[52],[53],[54],[55]],"face_indice":[[14,52,54,0,1,2],[49,52,0,3,4,5],[54,21,20,6,7,8],[52,48,53,9,10,11],[15,54,19,12,13,14],[52,6,5,15,16,17],[52,4,3,18,19,20],[7,11,8,21,22,23],[8,10,9,24,25,26],[8,11,10,22,27,24],[4,52,5,18,17,28],[7,52,11,29,30,21],[53,23,22,31,32,33],[19,18,16,34,35,36],[1,52,2,37,38,39],[15,19,16,14,36,40],[16,18,17,35,41,42],[50,19,54,43,13,44],[52,12,11,45,46,30],[53,48,47,10,47,48],[2,52,3,38,20,49],[28,53,42,50,51,52],[54,53,21,53,54,6],[53,25,24,55,56,57],[25,28,26,58,59,60],[26,28,27,59,61,62],[30,29,34,63,64,65],[31,30,34,66,65,67],[31,33,32,68,69,70],[31,34,33,67,71,68],[29,35,34,72,73,64],[35,29,41,72,74,75],[36,35,40,76,77,78],[36,38,37,79,80,81],[36,39,38,82,83,79],[36,40,39,78,84,82],[35,41,40,75,85,77],[22,21,53,86,54,33],[28,42,51,52,87,88],[54,15,14,12,89,2],[42,53,43,51,90,91],[53,44,43,92,93,90],[52,14,13,0,94,95],[53,47,46,48,96,97],[48,52,49,9,3,98],[54,20,50,8,99,44],[53,45,44,100,101,92],[25,53,28,55,50,58],[42,41,51,102,103,87],[41,29,51,74,104,103],[52,53,54,11,53,1],[52,7,6,29,105,15],[53,24,23,57,106,31],[53,46,45,97,107,100],[52,13,12,95,108,45],[0,52,1,4,37,109]],"face_number":56,"img_height":409,"img_path":".\\image\\004.png","img_width":751,"indices":[14,52,54,49,52,0,54,21,20,52,48,53,15,54,19,52,6,5,52,4,3,7,11,8,8,10,9,8,11,10,4,52,5,7,52,11,53,23,22,19,18,16,1,52,2,15,19,16,16,18,17,50,19,54,52,12,11,53,48,47,2,52,3,28,53,42,54,53,21,53,25,24,25,28,26,26,28,27,30,29,34,31,30,34,31,33,32,31,34,33,29,35,34,35,29,41,36,35,40,36,38,37,36,39,38,36,40,39,35,41,40,22,21,53,28,42,51,54,15,14,42,53,43,53,44,43,52,14,13,53,47,46,48,52,49,54,20,50,53,45,44,25,53,28,42,41,51,41,29,51,52,53,54,52,7,6,53,24,23,53,46,45,52,13,12,0,52,1],"negative_edge":[["23","17","175.390991"],["24","32","233.694244"],["32","23","276.703827"],["31","25","154.146042"],["33","37","161.000000"],["37","32","193.002594"],["44","39","154.466827"],["25","31","154.146042"],["32","25","193.785965"],["25","32","193.785965"],["32","24","233.694244"],["37","33","161.000000"],["47","38","313.512360"],["38","46","269.979614"],["39","44","154.466827"],["45","39","193.762741"],["39","45","193.762741"],["45","38","230.783447"],["46","38","269.979614"],["38","45","230.783447"],["48","38","357.418518"],["38","47","313.512360"]],"norm_from_centroidArray":[[0.3875027894973755,0.9218685626983643],[0.5620415806770325,0.8271090388298035],[0.6882933974266052,0.7254323363304138],[0.7935557961463928,0.6084974408149719],[0.8691949248313904,0.4944697916507721],[0.9278082251548767,0.37305748462677],[0.972081184387207,0.23464488983154297],[0.995269238948822,0.09715597331523895],[0.9992941617965698,-0.03756625950336456],[0.9894694685935974,-0.14474135637283325],[0.9729522466659546,-0.23100614547729492],[0.9465781450271606,-0.32247447967529297],[0.8913999795913696,-0.4532173275947571],[0.819380521774292,-0.5732500553131104],[0.7136847376823425,-0.7004669308662415],[0.5641641616821289,-0.8256626129150391],[0.3944763243198395,-0.9189060926437378],[0.21497561037540436,-0.9766193628311157],[0.22329562902450562,-0.9747507572174072],[0.29532134532928467,-0.95539790391922],[0.04026021435856819,-0.9991891980171204],[-0.20451880991458893,-0.9788625836372375],[-0.41175225377082825,-0.9112957715988159],[-0.5922847986221313,-0.8057287335395813],[-0.7309635281562805,-0.682416558265686],[-0.8409680724143982,-0.5410847067832947],[-0.9218141436576843,-0.3876321017742157],[-0.9750619530677795,-0.22193297743797302],[-0.9851205945014954,-0.1718641221523285],[-0.9860659241676331,-0.16635501384735107],[-0.9801838397979736,-0.19809000194072723],[-0.9780745506286621,-0.20825500786304474],[-0.9787740111351013,-0.20494237542152405],[-0.9920287132263184,-0.12601256370544434],[-0.9995461106300354,-0.030124347656965256],[-0.9963601231575012,0.08524353802204132],[-0.9799773693084717,0.19910888373851776],[-0.9604069590568542,0.2786010801792145],[-0.9479238390922546,0.31849709153175354],[-0.9527174830436707,0.3038576543331146],[-0.9637793302536011,0.266700804233551],[-0.9779934883117676,0.20863518118858337],[-0.9802646636962891,0.1976895034313202],[-0.9256597757339478,0.37835693359375],[-0.8291211128234863,0.5590689778327942],[-0.6917287707328796,0.7221574783325195],[-0.5191384553909302,0.8546901345252991],[-0.308096319437027,0.9513552188873291],[-0.07540687918663025,0.9971528649330139],[0.16278423368930817,0.9866617321968079]],"rotate_array":[[0.0,0.0],[0.0,0.0],[0.0,0.0],[0.0,0.0],[0.0,0.0],[0.0,0.0],[0.0,0.0],[0.0,0.0],[0.0,0.0],[0.0,0.0],[0.0,0.0],[0.0,0.0],[0.0,0.0],[0.0,0.0],[0.0,0.0],[0.0,0.0],[0.0,0.0],[0.0,0.0],[0.0,0.0],[0.0,0.0],[0.0,0.0],[0.0,0.0],[0.0,0.0],[0.0,0.0],[0.0,0.0],[0.0,0.0],[0.0,0.0],[0.0,0.0],[0.0,0.0],[0.0,0.0],[0.0,0.0],[0.0,0.0],[0.0,0.0],[0.0,0.0],[0.0,0.0],[0.0,0.0],[0.0,0.0],[0.0,0.0],[0.0,0.0],[0.0,0.0],[0.0,0.0],[0.0,0.0],[0.0,0.0],[0.0,0.0],[0.0,0.0],[0.0,0.0],[0.0,0.0],[0.0,0.0],[0.0,0.0],[0.0,0.0]],"skin_edge":[["0","1","46.173584"],["1","2","41.976185"],["2","3","43.462627"],["3","4","39.661064"],["4","5","41.868843"],["5","6","44.418465"],["6","7","43.011627"],["7","8","43.965897"],["8","9","43.908997"],["9","10","36.069378"],["10","11","44.283180"],["11","12","45.607018"],["12","13","42.059483"],["13","14","44.944408"],["14","15","43.908997"],["15","16","42.047592"],["16","17","40.521599"],["17","18","30.413813"],["18","19","17.204651"],["19","20","44.911022"],["20","21","44.102154"],["21","22","43.000000"],["22","23","45.541191"],["23","24","43.081318"],["24","25","42.801868"],["25","26","42.638012"],["26","27","42.579338"],["27","28","21.213203"],["28","29","43.416588"],["29","30","44.384682"],["30","31","42.720020"],["31","32","44.721359"],["32","33","32.015621"],["33","34","42.941822"],["34","35","42.190044"],["35","36","44.553337"],["36","37","40.718548"],["37","38","22.825424"],["38","39","44.283180"],["39","40","44.102154"],["40","41","44.407207"],["41","42","31.320919"],["42","43","42.941822"],["43","44","45.276924"],["44","45","44.407207"],["45","46","42.544094"],["46","47","43.965897"],["47","48","43.931767"],["48","49","45.099888"],["49","0","48.000000"]],"skin_point_number":50,"uvs":[[0.6418108940124512,0.9877750873565674],[0.7030625939369202,0.9779950976371765],[0.757656455039978,0.955990195274353],[0.8109187483787537,0.9144254326820374],[0.8548601865768433,0.8606356978416443],[0.8974700570106506,0.7946210503578186],[0.9280958771705627,0.7017114758491516],[0.9454061388969421,0.6014670133590698],[0.9627164006233215,0.49877750873565674],[0.9920106530189514,0.40586796402931213],[0.9573901295661926,0.3447432816028595],[0.904127836227417,0.298288494348526],[0.8561917543411255,0.2298288494348526],[0.8069241046905518,0.18092909455299377],[0.7509986758232117,0.14180928468704224],[0.7003994584083557,0.08801955729722977],[0.6498002409934998,0.04400977864861488],[0.5978695154190063,0.01711491495370865],[0.59121173620224,0.09046454727649689],[0.6045272946357727,0.12469437718391418],[0.5459387302398682,0.10268948972225189],[0.487350195646286,0.09535451978445053],[0.4300931990146637,0.09535451978445053],[0.3701730966567993,0.11246943473815918],[0.3169107735157013,0.15158924460411072],[0.27163782715797424,0.21515892446041107],[0.23568575084209442,0.2958435118198395],[0.2263648509979248,0.39853301644325256],[0.24633821845054626,0.4352078139781952],[0.18908122181892395,0.42053788900375366],[0.1344873458147049,0.3789730966091156],[0.07989347726106644,0.34963324666023254],[0.02130492590367794,0.33007335662841797],[0.02263648435473442,0.40831294655799866],[0.049267642199993134,0.5012224912643433],[0.054593876004219055,0.6039119958877563],[0.04527296870946884,0.7114914655685425],[0.02263648435473442,0.8019559979438782],[0.049267642199993134,0.8288508653640747],[0.10252995789051056,0.7823960781097412],[0.1517976075410843,0.7237163782119751],[0.1997336894273758,0.6601467132568359],[0.2396804243326187,0.6381418108940125],[0.2663115859031677,0.7310513257980347],[0.30758988857269287,0.8117359280586243],[0.3555259704589844,0.8753056526184082],[0.4047936201095581,0.92665034532547],[0.4607190489768982,0.9584352374076843],[0.5179760456085205,0.980440080165863],[0.5778961181640625,0.9877750873565674],[0.5820830464363098,0.11626467853784561],[0.21836262941360474,0.42804014682769775],[0.7347380518913269,0.5950149893760681],[0.4051944315433502,0.4874480664730072],[0.6047852635383606,0.29141509532928467]],"vertex_number":55,"vertices":[[482.0,404.0],[528.0,400.0],[569.0,391.0],[609.0,374.0],[642.0,352.0],[674.0,325.0],[697.0,287.0],[710.0,246.0],[723.0,204.0],[745.0,166.0],[719.0,141.0],[679.0,122.0],[643.0,94.0],[606.0,74.0],[564.0,58.0],[526.0,36.0],[488.0,18.0],[449.0,7.0],[444.0,37.0],[454.0,51.0],[410.0,42.0],[366.0,39.0],[323.0,39.0],[278.0,46.0],[238.0,62.0],[204.0,88.0],[177.0,121.0],[170.0,163.0],[185.0,178.0],[142.0,172.0],[101.0,155.0],[60.0,143.0],[16.0,135.0],[17.0,167.0],[37.0,205.0],[41.0,247.0],[34.0,291.0],[17.0,328.0],[37.0,339.0],[77.0,320.0],[114.0,296.0],[150.0,270.0],[180.0,261.0],[200.0,299.0],[231.0,332.0],[267.0,358.0],[304.0,379.0],[346.0,392.0],[389.0,401.0],[434.0,404.0],[437.14434814453125,47.55225372314453],[163.99034118652344,175.06842041015625],[551.7882690429688,243.3611297607422],[304.3009948730469,199.3662567138672],[454.1937561035156,119.18877410888672]]}