{"auxiliary_edge":[["9","6","59.000000"],["8","4","85.146935"],["0","48","30.149628"],["49","1","35.735138"],["46","53","87.156296"],["45","47","39.824615"],["35","50","102.414703"],["30","36","68.731361"],["53","34","94.609016"],["5","52","101.552299"],["5","7","52.801514"],["50","27","99.675819"],["28","4","154.207657"],["52","29","86.092018"],["10","20","68.541962"],["21","11","69.260376"],["16","22","95.707886"],["13","15","47.010635"],["10","15","73.061615"],["12","16","67.067131"],["11","14","54.451813"],["10","52","80.715187"],["9","21","63.063461"],["16","19","52.000000"],["17","21","75.325958"],["28","26","47.042534"],["18","20","54.083271"],["50","9","117.315758"],["52","3","107.451736"],["23","26","55.713554"],["22","24","40.496914"],["25","52","64.752739"],["35","37","56.612720"],["4","22","131.946960"],["27","22","73.573090"],["47","49","32.310989"],["48","46","39.051247"],["31","35","55.713554"],["30","33","38.118237"],["32","34","49.193497"],["9","26","98.234413"],["3","51","73.496483"],["2","4","48.662102"],["37","43","92.395889"],["53","38","80.150688"],["42","36","97.616600"],["37","41","71.449280"],["39","41","29.017237"],["40","42","42.544094"],["42","44","55.172459"],["0","2","38.275318"],["53","2","127.900307"],["50","45","103.357430"],["51","30","149.226608"],["53","29","105.929497"],["28","30","57.035076"],["1","50","93.196693"],["51","44","74.736366"],["43","45","56.080299"]],"avg_edge_length":43.48525619506836,"bounding_box":[10.0,5.0,394.0,229.0],"centroid":[204.63897705078125,127.86223602294922],"centroid_tri_idx":21,"edge_list":[["9","8","20.615528"],["8","5","63.126858"],["5","9","69.856995"],["49","51","36.956341"],["51","0","40.074863"],["0","49","16.124516"],["45","51","46.179020"],["51","46","35.870705"],["46","45","20.591261"],["30","53","86.664803"],["53","35","69.013527"],["35","30","40.012497"],["5","4","30.016663"],["4","9","85.632935"],["6","5","28.442924"],["8","6","44.922153"],["7","6","26.248810"],["8","7","26.925823"],["28","52","63.976215"],["52","50","72.201538"],["50","28","85.434593"],["21","16","70.880180"],["16","10","77.077881"],["10","21","50.089920"],["14","13","21.377558"],["13","12","28.231188"],["12","14","31.622776"],["16","11","65.764732"],["11","10","28.844410"],["11","15","52.554733"],["15","12","43.829212"],["12","11","29.410883"],["15","14","26.476404"],["16","15","27.073973"],["9","22","54.083271"],["22","10","53.225933"],["10","9","26.683329"],["20","17","51.351727"],["17","16","27.892651"],["16","20","55.000000"],["27","52","57.704956"],["28","27","24.186773"],["17","19","34.205261"],["19","18","27.166155"],["18","17","24.000000"],["20","19","28.301943"],["21","20","27.294687"],["22","21","26.076809"],["52","4","98.706657"],["4","50","93.896317"],["23","22","20.808653"],["22","25","38.483765"],["25","23","33.286633"],["25","24","30.149628"],["24","23","21.095022"],["22","26","54.488529"],["26","25","24.083189"],["53","36","60.817577"],["36","35","29.410883"],["52","9","60.564873"],["27","26","23.021729"],["26","52","57.007645"],["51","48","39.050770"],["48","47","20.615528"],["47","51","35.909328"],["31","30","22.472204"],["30","34","31.144823"],["34","31","35.057095"],["31","33","24.207438"],["33","32","24.515301"],["32","31","25.632011"],["52","22","55.447456"],["34","33","26.248810"],["35","34","27.802877"],["49","48","14.035668"],["3","2","21.587032"],["2","50","81.870003"],["50","3","82.547325"],["53","42","77.515427"],["42","37","76.922035"],["37","53","65.543434"],["42","38","60.406952"],["38","37","28.460499"],["38","40","36.235340"],["40","39","12.165525"],["39","38","28.231188"],["38","41","47.169907"],["41","40","17.262676"],["42","41","26.907248"],["37","36","27.202942"],["53","43","70.017624"],["43","42","28.425341"],["51","1","45.877331"],["1","0","20.124611"],["50","51","78.944000"],["51","53","87.053413"],["53","50","77.697777"],["30","50","84.377663"],["50","29","81.906189"],["29","28","30.149628"],["47","46","19.235384"],["51","2","53.760715"],["2","1","18.439089"],["45","53","69.784454"],["30","29","27.018513"],["4","3","27.166155"],["53","44","66.359398"],["44","43","27.202942"],["45","44","29.068884"]],"edge_to_tri":[[0],[0,5],[0,4],[1,34],[1,43],[1],[2,50],[2,48],[2],[3,46],[3,25],[3,33],[4],[4,26],[5],[5,6],[6],[6],[7,16],[7,21],[7,47],[8,19],[8,10],[8,20],[9],[9],[9,12],[10,13],[10],[11,13],[11,12],[11],[12],[13],[14,31],[14,20],[14],[15,18],[15],[15,19],[16,27],[16],[17,18],[17],[17],[18],[19],[20],[21,26],[21,52],[22],[22,24],[22,23],[23],[23],[24,44],[24],[25,41],[25],[26,31],[27],[27,44],[28,34],[28],[28,48],[29],[29,33],[29,32],[30,32],[30],[30],[31,44],[32],[33],[34],[35],[35,53],[35,52],[36,42],[36,37],[36,41],[37,40],[37],[38,39],[38],[38],[39,40],[39],[40],[41],[42,54],[42],[43,49],[43],[45,53],[45,50],[45,46],[46,51],[47,51],[47],[48],[49,53],[49],[50,55],[51],[52],[54,55],[54],[55]],"face_indice":[[9,8,5,0,1,2],[49,51,0,3,4,5],[45,51,46,6,7,8],[30,53,35,9,10,11],[9,5,4,2,12,13],[6,5,8,14,1,15],[7,6,8,16,15,17],[28,52,50,18,19,20],[21,16,10,21,22,23],[14,13,12,24,25,26],[10,16,11,22,27,28],[11,15,12,29,30,31],[15,14,12,32,26,30],[16,15,11,33,29,27],[9,22,10,34,35,36],[20,17,16,37,38,39],[27,52,28,40,18,41],[17,19,18,42,43,44],[17,20,19,37,45,42],[16,21,20,21,46,39],[21,10,22,23,35,47],[50,52,4,19,48,49],[23,22,25,50,51,52],[23,25,24,52,53,54],[22,26,25,55,56,51],[35,53,36,10,57,58],[52,9,4,59,13,48],[27,26,52,60,61,40],[51,48,47,62,63,64],[31,30,34,65,66,67],[31,33,32,68,69,70],[52,22,9,71,34,59],[31,34,33,67,72,68],[30,35,34,11,73,66],[48,51,49,62,3,74],[3,2,50,75,76,77],[53,42,37,78,79,80],[37,42,38,79,81,82],[38,40,39,83,84,85],[38,41,40,86,87,83],[38,42,41,81,88,86],[37,36,53,89,57,80],[42,53,43,78,90,91],[0,51,1,4,92,93],[52,26,22,61,55,71],[50,51,53,94,95,96],[53,30,50,9,97,96],[28,50,29,20,98,99],[47,46,51,100,7,64],[51,2,1,101,102,92],[53,51,45,95,6,103],[29,50,30,98,97,104],[50,4,3,49,105,77],[50,2,51,76,101,94],[43,53,44,90,106,107],[53,45,44,103,108,106]],"face_number":56,"img_height":244,"img_path":".\\image\\005.png","img_width":415,"indices":[9,8,5,49,51,0,45,51,46,30,53,35,9,5,4,6,5,8,7,6,8,28,52,50,21,16,10,14,13,12,10,16,11,11,15,12,15,14,12,16,15,11,9,22,10,20,17,16,27,52,28,17,19,18,17,20,19,16,21,20,21,10,22,50,52,4,23,22,25,23,25,24,22,26,25,35,53,36,52,9,4,27,26,52,51,48,47,31,30,34,31,33,32,52,22,9,31,34,33,30,35,34,48,51,49,3,2,50,53,42,37,37,42,38,38,40,39,38,41,40,38,42,41,37,36,53,42,53,43,0,51,1,52,26,22,50,51,53,53,30,50,28,50,29,47,46,51,51,2,1,53,51,45,29,50,30,50,4,3,50,2,51,43,53,44,53,45,44],"negative_edge":[["24","18","87.143562"],["5","1","93.941475"],["1","5","93.941475"],["5","0","113.507706"],["0","6","141.890808"],["6","13","102.181213"],["13","0","244.049179"],["0","5","113.507706"],["6","0","141.890808"],["13","7","80.099937"],["13","6","102.181213"],["7","13","80.099937"],["17","14","80.000000"],["26","32","93.477272"],["32","24","143.293411"],["32","26","93.477272"],["37","34","81.006172"],["24","32","143.293411"],["32","18","228.877701"],["18","24","87.143562"],["39","33","162.825058"],["33","38","134.718231"],["34","37","81.006172"],["37","33","106.850365"],["38","33","134.718231"],["33","37","106.850365"],["47","43","92.655273"]],"norm_from_centroidArray":[[-0.36681681871414185,0.9302932024002075],[-0.2411951720714569,0.9704765677452087],[-0.1211937889456749,0.9926288723945618],[0.12515026330947876,0.9921377897262573],[0.4269167184829712,0.9042909741401672],[0.6434457302093506,0.7654916644096375],[0.7854722738265991,0.6188967823982239],[0.8930068612098694,0.4500430226325989],[0.9587238430976868,0.2843387722969055],[0.9859813451766968,0.16685573756694794],[0.9965291619300842,0.08324400335550308],[0.984215497970581,0.17697447538375854],[0.9690592885017395,0.24682804942131042],[0.9636819958686829,0.26705220341682434],[0.9864652752876282,0.16397012770175934],[0.9993262887001038,0.03669951483607292],[0.9947114586830139,-0.10270892828702927],[0.9734674692153931,-0.2288253754377365],[0.9422470331192017,-0.33491870760917664],[0.9304775595664978,-0.3663489818572998],[0.9419907331466675,-0.33563894033432007],[0.9522756934165955,-0.3052390515804291],[0.9332467913627625,-0.35923588275909424],[0.8954578042030334,-0.44514644145965576],[0.8287851810455322,-0.5595667958259583],[0.7489767074584961,-0.6625964045524597],[0.6148253083229065,-0.7886633276939392],[0.4224797189235687,-0.9063724279403687],[0.1540631353855133,-0.9880610704421997],[-0.23859894275665283,-0.9711182117462158],[-0.520534873008728,-0.8538404107093811],[-0.33737465739250183,-0.94137042760849],[-0.20462553203105927,-0.9788402915000916],[-0.39577075839042664,-0.9183493852615356],[-0.5821698307991028,-0.8130671977996826],[-0.7572545409202576,-0.6531198024749756],[-0.8684876561164856,-0.4957106411457062],[-0.9261565804481506,-0.37713921070098877],[-0.961140513420105,-0.2760598659515381],[-0.9821797609329224,-0.18794400990009308],[-0.9919403195381165,-0.12670563161373138],[-0.9991595149040222,-0.040991805493831635],[-0.9975656867027283,0.06973213702440262],[-0.9767797589302063,0.21424631774425507],[-0.936275839805603,0.3512656092643738],[-0.8625614047050476,0.5059524178504944],[-0.76910400390625,0.6391236782073975],[-0.6702797412872314,0.7421086430549622],[-0.5471014976501465,0.8370662331581116],[-0.4699569046497345,0.882689356803894]],"rotate_array":[[0.0,0.0],[0.0,0.0],[0.0,0.0],[0.0,0.0],[0.0,0.0],[0.0,0.0],[0.0,0.0],[0.0,0.0],[0.0,0.0],[0.0,0.0],[0.0,0.0],[0.0,0.0],[0.0,0.0],[0.0,0.0],[0.0,0.0],[0.0,0.0],[0.0,0.0],[0.0,0.0],[0.0,0.0],[0.0,0.0],[0.0,0.0],[0.0,0.0],[0.0,0.0],[0.0,0.0],[0.0,0.0],[0.0,0.0],[0.0,0.0],[0.0,0.0],[0.0,0.0],[0.0,0.0],[0.0,0.0],[0.0,0.0],[0.0,0.0],[0.0,0.0],[0.0,0.0],[0.0,0.0],[0.0,0.0],[0.0,0.0],[0.0,0.0],[0.0,0.0],[0.0,0.0],[0.0,0.0],[0.0,0.0],[0.0,0.0],[0.0,0.0],[0.0,0.0],[0.0,0.0],[0.0,0.0],[0.0,0.0],[0.0,0.0]],"skin_edge":[["0","1","20.124611"],["1","2","18.439089"],["2","3","21.587032"],["3","4","27.166155"],["4","5","30.016663"],["5","6","28.442924"],["6","7","26.248810"],["7","8","26.925823"],["8","9","20.615528"],["9","10","26.683329"],["10","11","28.844410"],["11","12","29.410883"],["12","13","28.231188"],["13","14","21.377558"],["14","15","26.476404"],["15","16","27.073973"],["16","17","27.892651"],["17","18","24.000000"],["18","19","27.166155"],["19","20","28.301943"],["20","21","27.294687"],["21","22","26.076809"],["22","23","20.808653"],["23","24","21.095022"],["24","25","30.149628"],["25","26","24.083189"],["26","27","23.021729"],["27","28","24.186773"],["28","29","30.149628"],["29","30","27.018513"],["30","31","22.472204"],["31","32","25.632011"],["32","33","24.515301"],["33","34","26.248810"],["34","35","27.802877"],["35","36","29.410883"],["36","37","27.202942"],["37","38","28.460499"],["38","39","28.231188"],["39","40","12.165525"],["40","41","17.262676"],["41","42","26.907248"],["42","43","28.425341"],["43","44","27.202942"],["44","45","29.068884"],["45","46","20.591261"],["46","47","19.235384"],["47","48","20.615528"],["48","49","14.035668"],["49","0","16.124516"]],"skin_point_number":50,"uvs":[[0.3903614580631256,0.9672130942344666],[0.4337349534034729,0.9303278923034668],[0.46746987104415894,0.881147563457489],[0.5180723071098328,0.8606557250022888],[0.5831325054168701,0.8483606576919556],[0.6554216742515564,0.8524590134620667],[0.7228915691375732,0.8319672346115112],[0.7710843086242676,0.7622950673103333],[0.7542168498039246,0.6557376980781555],[0.7228915691375732,0.5901639461517334],[0.7855421900749207,0.5655737519264221],[0.8433734774589539,0.631147563457489],[0.9012048244476318,0.7008196711540222],[0.9638554453849792,0.7459016442298889],[0.9734939932823181,0.6598360538482666],[0.9614458084106445,0.5532786846160889],[0.9566265344619751,0.44262295961380005],[0.9734939932823181,0.33196720480918884],[0.9734939932823181,0.23360656201839447],[0.908433735370636,0.24590164422988892],[0.850602388381958,0.30737704038619995],[0.7927711009979248,0.3606557250022888],[0.7301204800605774,0.3688524663448334],[0.759036123752594,0.2991803288459778],[0.7638553977012634,0.21311475336551666],[0.6915662884712219,0.2254098355770111],[0.633734941482544,0.21721310913562775],[0.5783132314682007,0.21311475336551666],[0.5204819440841675,0.2254098355770111],[0.4481927752494812,0.21311475336551666],[0.38313251733779907,0.21721310913562775],[0.41204819083213806,0.13934426009655],[0.4337349534034729,0.04098360612988472],[0.3759036064147949,0.06147541105747223],[0.3277108371257782,0.13114753365516663],[0.2867469787597656,0.22131147980690002],[0.21927711367607117,0.25819671154022217],[0.15662650763988495,0.2909836173057556],[0.09156626462936401,0.32786884903907776],[0.028915662318468094,0.37295082211494446],[0.024096384644508362,0.42213115096092224],[0.03132530301809311,0.49180328845977783],[0.0746987983584404,0.5737704634666443],[0.11807228624820709,0.6639344096183777],[0.17108434438705444,0.7295082211494446],[0.23373493552207947,0.7827869057655334],[0.257831335067749,0.8565573692321777],[0.2795180678367615,0.9262295365333557],[0.31807228922843933,0.9795082211494446],[0.35180723667144775,0.9754098653793335],[0.44126182794570923,0.5485888123512268],[0.34222957491874695,0.8248279690742493],[0.6043278574943542,0.4454346001148224],[0.2562882900238037,0.4993690848350525]],"vertex_number":54,"vertices":[[162.0,236.0],[180.0,227.0],[194.0,215.0],[215.0,210.0],[242.0,207.0],[272.0,208.0],[300.0,203.0],[320.0,186.0],[313.0,160.0],[300.0,144.0],[326.0,138.0],[350.0,154.0],[374.0,171.0],[400.0,182.0],[404.0,161.0],[399.0,135.0],[397.0,108.0],[404.0,81.0],[404.0,57.0],[377.0,60.0],[353.0,75.0],[329.0,88.0],[303.0,90.0],[315.0,73.0],[317.0,52.0],[287.0,55.0],[263.0,53.0],[240.0,52.0],[216.0,55.0],[186.0,52.0],[159.0,53.0],[171.0,34.0],[180.0,10.0],[156.0,15.0],[136.0,32.0],[119.0,54.0],[91.0,63.0],[65.0,71.0],[38.0,80.0],[12.0,91.0],[10.0,103.0],[13.0,120.0],[31.0,140.0],[49.0,162.0],[71.0,178.0],[97.0,191.0],[107.0,209.0],[116.0,226.0],[132.0,239.0],[146.0,238.0],[183.1236572265625,133.8556671142578],[142.0252685546875,201.25802612304688],[250.79605102539063,108.68604278564453],[106.3596420288086,121.84606170654297]]}