{"auxiliary_edge":[["1","49","65.764732"],["0","2","62.649822"],["1","3","64.381676"],["2","5","79.699432"],["4","6","57.489128"],["0","7","142.874069"],["6","48","160.552170"],["8","48","195.816238"],["7","10","66.309875"],["9","11","49.091751"],["11","49","174.264160"],["7","47","177.053665"],["12","46","182.649933"],["11","44","185.714828"],["13","45","182.649933"],["12","14","64.815125"],["13","40","165.411606"],["15","44","182.002747"],["14","39","142.337631"],["16","39","118.088951"],["15","37","110.113579"],["34","20","60.926186"],["33","18","67.896980"],["19","26","73.756355"],["21","26","74.625732"],["20","24","65.306969"],["22","25","55.362442"],["21","23","60.373837"],["17","34","73.000000"],["18","36","66.610809"],["25","33","79.906197"],["20","32","88.056801"],["27","33","69.028976"],["26","31","68.264191"],["28","32","61.204575"],["27","30","50.803543"],["29","31","60.406952"],["35","19","58.728188"],["17","38","99.247169"],["16","36","82.764725"],["35","37","64.776543"],["38","40","65.490456"],["14","43","177.138367"],["41","43","55.036350"],["42","44","63.253460"],["45","47","64.404968"],["46","48","63.529522"]],"avg_edge_length":60.660701751708984,"bounding_box":[17.0,17.0,350.0,488.0],"centroid":[174.00131225585938,316.35479736328125],"centroid_tri_idx":13,"edge_list":[["1","0","31.622776"],["0","6","128.156158"],["6","1","109.836243"],["6","2","88.141930"],["2","1","32.015621"],["6","3","65.551506"],["3","2","33.015148"],["3","5","49.254440"],["5","4","29.154760"],["4","3","31.240999"],["6","5","31.384710"],["0","49","35.000000"],["49","6","145.426956"],["7","6","23.853722"],["49","7","155.653458"],["8","7","31.780497"],["7","11","55.605755"],["11","8","51.088158"],["8","10","44.598206"],["10","9","23.000000"],["9","8","31.622776"],["11","10","32.449963"],["7","48","166.643326"],["48","11","175.231277"],["11","45","180.543625"],["45","12","180.623917"],["12","11","29.000000"],["13","12","32.649654"],["12","44","180.413422"],["44","13","176.309387"],["14","13","32.202484"],["44","14","175.965912"],["15","14","33.600594"],["14","40","149.586090"],["40","15","139.445328"],["16","15","32.649654"],["15","38","114.725761"],["38","16","99.478638"],["33","19","45.310043"],["19","34","37.854988"],["34","33","25.495098"],["20","19","24.839485"],["33","20","61.008198"],["21","20","32.249031"],["20","25","57.140179"],["25","21","52.009613"],["22","21","32.649654"],["21","24","43.000000"],["24","22","27.658634"],["24","23","29.154760"],["23","22","29.614185"],["25","24","32.062439"],["35","18","48.662102"],["18","17","31.575306"],["17","35","58.694122"],["20","26","66.037865"],["26","25","31.016125"],["33","26","60.835846"],["27","26","31.304953"],["26","32","59.908264"],["32","27","51.894123"],["28","27","30.413813"],["27","31","44.721359"],["31","28","36.400551"],["28","30","23.537205"],["30","29","31.144823"],["29","28","32.802441"],["31","30","30.675724"],["32","31","32.449963"],["34","18","48.373547"],["35","34","32.557640"],["33","32","32.557640"],["19","18","32.388271"],["17","16","32.649654"],["16","37","86.492775"],["37","17","76.006577"],["17","36","60.530983"],["36","35","31.575306"],["37","36","33.241539"],["38","37","34.014702"],["15","39","125.399361"],["39","38","33.060551"],["40","39","32.557640"],["44","40","84.970581"],["41","40","13.453624"],["40","42","37.643059"],["42","41","27.018513"],["40","43","60.415230"],["43","42","33.241539"],["44","43","30.232433"],["45","44","33.970577"],["11","46","177.341476"],["46","45","32.649654"],["11","47","175.635986"],["47","46","31.906113"],["48","47","31.780497"],["49","48","31.780497"]],"edge_to_tri":[[0],[0,5],[0,1],[1,2],[1],[2,4],[2],[3,4],[3],[3],[4],[5],[5,6],[6],[6,47],[7],[7,10],[7,9],[8,9],[8],[8],[9],[10,47],[10,46],[11,44],[11,43],[11],[12],[12,43],[12,13],[13],[13,39],[14],[14,39],[14,38],[15],[15,37],[15,36],[16,17],[16,32],[16],[17],[17,24],[18],[18,23],[18,21],[19],[19,21],[19,20],[20],[20],[21],[22,30],[22],[22,34],[23,24],[23],[24,31],[25],[25,31],[25,29],[26],[26,29],[26,28],[27,28],[27],[27],[28],[29],[30,32],[30],[31],[32],[33],[33,36],[33,35],[34,35],[34],[35],[36],[37,38],[37],[38],[39,42],[40],[40,41],[40],[41,42],[41],[42],[43],[44,45],[44],[45,46],[45],[46],[47]],"face_indice":[[1,0,6,0,1,2],[1,6,2,2,3,4],[2,6,3,3,5,6],[3,5,4,7,8,9],[3,6,5,5,10,7],[0,49,6,11,12,1],[7,6,49,13,12,14],[8,7,11,15,16,17],[8,10,9,18,19,20],[8,11,10,17,21,18],[11,7,48,16,22,23],[11,45,12,24,25,26],[13,12,44,27,28,29],[14,13,44,30,29,31],[15,14,40,32,33,34],[16,15,38,35,36,37],[33,19,34,38,39,40],[20,19,33,41,38,42],[21,20,25,43,44,45],[22,21,24,46,47,48],[22,24,23,48,49,50],[21,25,24,45,51,47],[35,18,17,52,53,54],[25,20,26,44,55,56],[26,20,33,55,42,57],[27,26,32,58,59,60],[28,27,31,61,62,63],[28,30,29,64,65,66],[28,31,30,63,67,64],[27,32,31,60,68,62],[34,18,35,69,52,70],[26,33,32,57,71,59],[19,18,34,72,69,39],[17,16,37,73,74,75],[35,17,36,54,76,77],[36,17,37,76,75,78],[37,16,38,74,37,79],[38,15,39,36,80,81],[15,40,39,34,82,80],[40,14,44,33,31,83],[41,40,42,84,85,86],[40,43,42,87,88,85],[40,44,43,83,89,87],[12,45,44,25,90,28],[11,46,45,91,92,24],[11,47,46,93,94,91],[11,48,47,23,95,93],[7,49,48,14,96,22]],"face_number":48,"img_height":516,"img_path":".\\image\\006.png","img_width":376,"indices":[1,0,6,1,6,2,2,6,3,3,5,4,3,6,5,0,49,6,7,6,49,8,7,11,8,10,9,8,11,10,11,7,48,11,45,12,13,12,44,14,13,44,15,14,40,16,15,38,33,19,34,20,19,33,21,20,25,22,21,24,22,24,23,21,25,24,35,18,17,25,20,26,26,20,33,27,26,32,28,27,31,28,30,29,28,31,30,27,32,31,34,18,35,26,33,32,19,18,34,17,16,37,35,17,36,36,17,37,37,16,38,38,15,39,15,40,39,40,14,44,41,40,42,40,43,42,40,44,43,12,45,44,11,46,45,11,47,46,11,48,47,7,49,48],"negative_edge":[["9","23","277.281433"],["23","4","409.649841"],["4","9","132.378250"],["9","4","132.378250"],["22","14","186.686905"],["14","21","165.196854"],["21","16","120.933868"],["21","15","141.354172"],["16","21","120.933868"],["15","21","141.354172"],["21","14","165.196854"],["14","22","186.686905"],["22","10","243.772430"],["10","22","243.772430"],["22","9","254.527008"],["23","9","277.281433"],["9","22","254.527008"],["29","25","118.511604"],["25","29","118.511604"],["29","23","169.779266"],["31","36","141.400146"],["37","31","172.803360"],["41","30","309.342865"],["30","38","236.408539"],["36","32","111.305885"],["32","36","111.305885"],["36","31","141.400146"],["31","37","172.803360"],["38","31","206.194077"],["31","38","206.194077"],["38","30","236.408539"],["42","30","336.043152"],["30","41","309.342865"]],"norm_from_centroidArray":[[0.4765283167362213,0.8791592121124268],[0.5985581874847412,0.8010794520378113],[0.7102208733558655,0.7039787769317627],[0.8091186285018921,0.5876453518867493],[0.8847917318344116,0.4659867584705353],[0.9184710383415222,0.39548829197883606],[0.9173778295516968,0.39801743626594543],[0.9501147866249084,0.3119005560874939],[0.9954782128334045,0.09499039500951767],[0.9925239086151123,-0.12205028533935547],[0.9891268014907837,-0.14706510305404663],[0.9933720827102661,0.11494345217943192],[0.9898157119750977,-0.1423545628786087],[0.8318677544593811,-0.5549739003181458],[0.38488900661468506,-0.9229628443717957],[-0.08499203622341156,-0.9963816404342651],[-0.3213514983654022,-0.9469599723815918],[-0.4080250859260559,-0.9129707217216492],[-0.36626458168029785,-0.9305107593536377],[-0.3314146399497986,-0.9434851408004761],[-0.21973314881324768,-0.9755600690841675],[-0.0754922553896904,-0.9971463680267334],[0.021144356578588486,-0.9997764229774475],[0.041413430124521255,-0.9991421103477478],[-0.06278529763221741,-0.9980270266532898],[-0.18686315417289734,-0.9823859333992004],[-0.2998407185077667,-0.9539892673492432],[-0.3739785850048065,-0.9274373650550842],[-0.43249762058258057,-0.9016351103782654],[-0.45030784606933594,-0.8928733468055725],[-0.49668052792549133,-0.8679333925247192],[-0.5139517784118652,-0.857819139957428],[-0.5086517930030823,-0.8609723448753357],[-0.47156256437301636,-0.881832480430603],[-0.5040377974510193,-0.8636816143989563],[-0.6054151058197021,-0.7959099411964417],[-0.7187098264694214,-0.6953102350234985],[-0.8385957479476929,-0.5447542667388916],[-0.9428378939628601,-0.33325156569480896],[-0.99737149477005,-0.07245862483978271],[-0.9772707223892212,0.21199528872966766],[-0.9643712639808655,0.264552503824234],[-0.8954856395721436,0.44509032368659973],[-0.7578569650650024,0.652420699596405],[-0.58029705286026,0.8144049048423767],[-0.359375923871994,0.9331929087638855],[-0.15599367022514343,0.9877580404281616],[0.0245779138058424,0.9996978640556335],[0.1846410036087036,0.9828059673309326],[0.3306858241558075,0.943740963935852]],"rotate_array":[[0.0,0.0],[0.0,0.0],[0.0,0.0],[0.0,0.0],[0.0,0.0],[0.0,0.0],[0.0,0.0],[0.0,0.0],[0.0,0.0],[0.0,0.0],[0.0,0.0],[0.0,0.0],[0.0,0.0],[0.0,0.0],[0.0,0.0],[0.0,0.0],[0.0,0.0],[0.0,0.0],[0.0,0.0],[0.0,0.0],[0.0,0.0],[0.0,0.0],[0.0,0.0],[0.0,0.0],[0.0,0.0],[0.0,0.0],[0.0,0.0],[0.0,0.0],[0.0,0.0],[0.0,0.0],[0.0,0.0],[0.0,0.0],[0.0,0.0],[0.0,0.0],[0.0,0.0],[0.0,0.0],[0.0,0.0],[0.0,0.0],[0.0,0.0],[0.0,0.0],[0.0,0.0],[0.0,0.0],[0.0,0.0],[0.0,0.0],[0.0,0.0],[0.0,0.0],[0.0,0.0],[0.0,0.0],[0.0,0.0],[0.0,0.0]],"skin_edge":[["0","1","31.622776"],["1","2","32.015621"],["2","3","33.015148"],["3","4","31.240999"],["4","5","29.154760"],["5","6","31.384710"],["6","7","23.853722"],["7","8","31.780497"],["8","9","31.622776"],["9","10","23.000000"],["10","11","32.449963"],["11","12","29.000000"],["12","13","32.649654"],["13","14","32.202484"],["14","15","33.600594"],["15","16","32.649654"],["16","17","32.649654"],["17","18","31.575306"],["18","19","32.388271"],["19","20","24.839485"],["20","21","32.249031"],["21","22","32.649654"],["22","23","29.614185"],["23","24","29.154760"],["24","25","32.062439"],["25","26","31.016125"],["26","27","31.304953"],["27","28","30.413813"],["28","29","32.802441"],["29","30","31.144823"],["30","31","30.675724"],["31","32","32.449963"],["32","33","32.557640"],["33","34","25.495098"],["34","35","32.557640"],["35","36","31.575306"],["36","37","33.241539"],["37","38","34.014702"],["38","39","33.060551"],["39","40","32.557640"],["40","41","13.453624"],["41","42","27.018513"],["42","43","33.241539"],["43","44","30.232433"],["44","45","33.970577"],["45","46","32.649654"],["46","47","31.906113"],["47","48","31.780497"],["48","49","31.780497"],["49","0","35.000000"]],"skin_point_number":50,"uvs":[[0.7260638475418091,0.9670542478561401],[0.8058510422706604,0.9476743936538696],[0.8723404407501221,0.9089147448539734],[0.9228723645210266,0.856589138507843],[0.9760638475418091,0.8100775480270386],[0.936170220375061,0.7616279125213623],[0.8590425252914429,0.7383720874786377],[0.8244680762290955,0.6996123790740967],[0.8430851101875305,0.6395348906517029],[0.8164893388748169,0.5813953280448914],[0.7553191781044006,0.5813953280448914],[0.707446813583374,0.6337209343910217],[0.6542553305625916,0.5930232405662537],[0.5877659320831299,0.5523256063461304],[0.5186170339584351,0.5155038833618164],[0.44680851697921753,0.4767441749572754],[0.38031914830207825,0.4360465109348297],[0.32446807622909546,0.38759690523147583],[0.3085106313228607,0.32751938700675964],[0.2952127754688263,0.2655038833618164],[0.34574466943740845,0.2344961166381836],[0.4202127754688263,0.20348836481571198],[0.4760638177394867,0.1550387591123581],[0.49202126264572144,0.09883721172809601],[0.4202127754688263,0.12015503644943237],[0.33510637283325195,0.12403100728988647],[0.2526595890522003,0.12596899271011353],[0.17819148302078247,0.09883721172809601],[0.10638298094272614,0.0717054232954979],[0.05319149047136307,0.021317830309271812],[0.0452127642929554,0.08139535039663315],[0.07180850952863693,0.13759690523147583],[0.11968085169792175,0.1899224817752838],[0.18351063132286072,0.23255814611911774],[0.19680851697921753,0.2810077667236328],[0.1808510571718216,0.34302327036857605],[0.16489361226558685,0.40310078859329224],[0.15425531566143036,0.4670542776584625],[0.15159574151039124,0.5329457521438599],[0.15691488981246948,0.5968992114067078],[0.17287233471870422,0.6589147448539734],[0.146276593208313,0.6763566136360168],[0.14361701905727386,0.7286821603775024],[0.20744681358337402,0.7732558250427246],[0.2739361822605133,0.8062015771865845],[0.33510637283325195,0.854651153087616],[0.40159574151039124,0.895348846912384],[0.47340425848960876,0.9282945990562439],[0.5505319237709045,0.9534883499145508],[0.6329787373542786,0.9670542478561401]],"vertex_number":50,"vertices":[[273.0,499.0],[303.0,489.0],[328.0,469.0],[347.0,442.0],[367.0,418.0],[352.0,393.0],[323.0,381.0],[310.0,361.0],[317.0,330.0],[307.0,300.0],[284.0,300.0],[266.0,327.0],[246.0,306.0],[221.0,285.0],[195.0,266.0],[168.0,246.0],[143.0,225.0],[122.0,200.0],[116.0,169.0],[111.0,137.0],[130.0,121.0],[158.0,105.0],[179.0,80.0],[185.0,51.0],[158.0,62.0],[126.0,64.0],[95.0,65.0],[67.0,51.0],[40.0,37.0],[20.0,11.0],[17.0,42.0],[27.0,71.0],[45.0,98.0],[69.0,120.0],[74.0,145.0],[68.0,177.0],[62.0,208.0],[58.0,241.0],[57.0,275.0],[59.0,308.0],[65.0,340.0],[55.0,349.0],[54.0,376.0],[78.0,399.0],[103.0,416.0],[126.0,441.0],[151.0,462.0],[178.0,479.0],[207.0,492.0],[238.0,499.0]]}