{"auxiliary_edge":[["4","40","149.201202"],["3","5","75.026665"],["2","42","72.201111"],["1","40","98.183502"],["6","4","63.387695"],["5","7","60.638271"],["24","26","72.801102"],["25","17","117.477661"],["45","27","163.867538"],["32","25","158.685226"],["26","40","196.814636"],["11","17","144.471451"],["10","15","132.438660"],["12","16","101.074226"],["11","14","84.172440"],["13","15","69.526970"],["16","45","186.302078"],["45","2","162.504913"],["3","32","173.922394"],["19","24","58.728188"],["18","20","74.966660"],["18","45","170.643860"],["17","22","79.881165"],["18","23","61.000000"],["27","33","133.060135"],["32","30","68.007355"],["31","26","132.740341"],["10","24","204.474930"],["17","9","183.010925"],["10","8","72.401657"],["28","31","92.703827"],["27","29","78.006409"],["31","40","88.204308"],["9","7","74.323616"],["39","37","51.156624"],["38","34","77.103828"],["39","35","83.486526"],["36","33","64.257294"],["34","40","80.112419"],["33","45","152.899567"],["32","39","69.814041"],["0","41","72.013885"],["1","43","49.729267"],["8","6","72.422371"],["3","41","109.343498"],["42","44","68.410522"]],"avg_edge_length":64.50560760498047,"bounding_box":[6.0,5.0,461.0,308.0],"centroid":[230.6533660888672,174.21243286132813],"centroid_tri_idx":5,"edge_list":[["3","45","142.586029"],["45","4","126.698105"],["4","3","37.000000"],["2","1","39.204590"],["1","41","63.639610"],["41","2","82.419655"],["5","45","118.450989"],["45","6","115.889656"],["6","5","25.495098"],["5","4","38.052597"],["45","25","133.161819"],["25","24","34.176014"],["24","45","128.571030"],["32","26","133.660019"],["26","45","142.817963"],["45","32","130.303940"],["11","10","38.897301"],["10","16","145.220520"],["16","11","119.682915"],["12","11","38.209946"],["11","15","101.178062"],["15","12","75.690155"],["13","12","32.015621"],["12","14","49.648766"],["14","13","33.615471"],["15","14","36.878178"],["16","15","31.064449"],["10","17","163.085861"],["17","16","37.576588"],["26","25","38.832977"],["3","40","125.642349"],["40","45","146.134109"],["19","18","40.000000"],["18","22","51.894123"],["22","19","25.079872"],["20","19","35.608986"],["22","20","32.388271"],["18","17","29.832869"],["17","24","83.862984"],["24","18","64.938431"],["24","22","37.121422"],["32","31","30.805843"],["31","27","110.317726"],["27","32","119.570061"],["23","22","17.029387"],["24","23","22.360680"],["45","17","167.593964"],["10","45","162.385910"],["9","45","146.076645"],["10","9","35.608986"],["27","26","38.600517"],["28","27","40.447498"],["27","30","88.102211"],["30","28","59.548298"],["29","28","38.327538"],["30","29","40.012497"],["33","31","25.709921"],["32","33","24.000000"],["31","30","40.049969"],["9","8","37.121422"],["8","45","130.201050"],["39","38","29.154760"],["38","36","45.221676"],["36","39","52.009613"],["38","37","25.000000"],["37","36","37.363083"],["36","34","42.638012"],["34","39","66.490601"],["36","35","37.483330"],["35","34","33.241539"],["34","33","34.481880"],["33","39","58.189346"],["32","40","67.416618"],["40","33","63.000000"],["40","39","20.615528"],["42","1","40.224369"],["1","0","40.049969"],["0","42","38.910152"],["8","7","37.336308"],["7","45","119.314514"],["3","2","36.124783"],["2","40","107.205414"],["41","40","38.078865"],["43","42","32.015621"],["0","43","17.000000"],["42","41","33.105892"],["44","43","36.400551"],["0","44","37.656342"],["7","6","35.171009"]],"edge_to_tri":[[0,13],[0,3],[0],[1],[1,41],[1,39],[2,3],[2,43],[2],[3],[4,12],[4],[4,28],[5,22],[5,12],[5,44],[6],[6,11],[6,10],[7],[7,10],[7,9],[8],[8,9],[8],[9],[10],[11,20],[11],[12],[13,38],[13,44],[14],[14,17],[14,15],[15],[15],[16],[16,28],[16,17],[17,19],[18,25],[18,26],[18,22],[19],[19],[20,28],[20,21],[21,27],[21],[22],[23],[23,26],[23,24],[24],[24],[25],[25,34],[26],[27],[27,37],[29],[29,30],[29,31],[30],[30],[31,32],[31,33],[32],[32],[33],[33,35],[34,44],[34,35],[35],[36,41],[36],[36,40],[37],[37,43],[38],[38,39],[39],[40],[40,42],[41],[42],[42],[43]],"face_indice":[[3,45,4,0,1,2],[2,1,41,3,4,5],[5,45,6,6,7,8],[4,45,5,1,6,9],[45,25,24,10,11,12],[32,26,45,13,14,15],[11,10,16,16,17,18],[12,11,15,19,20,21],[13,12,14,22,23,24],[14,12,15,23,21,25],[15,11,16,20,18,26],[16,10,17,17,27,28],[45,26,25,14,29,10],[45,3,40,0,30,31],[19,18,22,32,33,34],[20,19,22,35,34,36],[18,17,24,37,38,39],[18,24,22,39,40,33],[32,31,27,41,42,43],[23,22,24,44,40,45],[45,17,10,46,27,47],[9,45,10,48,47,49],[27,26,32,50,13,43],[28,27,30,51,52,53],[29,28,30,54,53,55],[33,31,32,56,41,57],[30,27,31,52,42,58],[45,9,8,48,59,60],[45,24,17,12,38,46],[39,38,36,61,62,63],[38,37,36,64,65,62],[36,34,39,66,67,63],[34,36,35,66,68,69],[34,33,39,70,71,67],[32,40,33,72,73,57],[40,39,33,74,71,73],[42,1,0,75,76,77],[45,8,7,60,78,79],[3,2,40,80,81,30],[40,2,41,81,5,82],[43,42,0,83,77,84],[41,1,42,4,75,85],[44,43,0,86,84,87],[7,6,45,88,7,79],[40,32,45,72,15,31]],"face_number":45,"img_height":317,"img_path":".\\image\\007.png","img_width":473,"indices":[3,45,4,2,1,41,5,45,6,4,45,5,45,25,24,32,26,45,11,10,16,12,11,15,13,12,14,14,12,15,15,11,16,16,10,17,45,26,25,45,3,40,19,18,22,20,19,22,18,17,24,18,24,22,32,31,27,23,22,24,45,17,10,9,45,10,27,26,32,28,27,30,29,28,30,33,31,32,30,27,31,45,9,8,45,24,17,39,38,36,38,37,36,36,34,39,34,36,35,34,33,39,32,40,33,40,39,33,42,1,0,45,8,7,3,2,40,40,2,41,43,42,0,41,1,42,44,43,0,7,6,45,40,32,45],"negative_edge":[["4","44","189.010574"],["44","3","152.013153"],["3","44","152.013153"],["44","2","116.107712"],["2","44","116.107712"],["19","15","135.473251"],["28","21","148.946304"],["21","28","148.946304"],["28","20","161.446579"],["20","28","161.446579"],["29","20","199.744843"],["35","29","115.420967"],["44","35","184.783661"]],"norm_from_centroidArray":[[-0.8204005360603333,0.5717893242835999],[-0.7536105513572693,0.6573210954666138],[-0.6332692503929138,0.7739316821098328],[-0.471767395734787,0.8817230463027954],[-0.25395897030830383,0.9672150015830994],[0.017537303268909454,0.9998462796211243],[0.20770815014839172,0.9781908392906189],[0.4558289349079132,0.8900673985481262],[0.6698777675628662,0.7424713969230652],[0.821478545665741,0.5702395439147949],[0.9183967709541321,0.39566072821617126],[0.9766319394111633,0.2149186134338379],[0.9981745481491089,0.060394737869501114],[0.9995347261428833,-0.030502136796712875],[0.9866446852684021,-0.16288740932941437],[0.953886866569519,-0.3001664876937866],[0.9060766696929932,-0.4231134355068207],[0.8155109882354736,-0.5787416100502014],[0.6950475573539734,-0.7189638018608093],[0.5120184421539307,-0.8589744567871094],[0.33415740728378296,-0.9425172805786133],[0.2792971730232239,-0.9602046608924866],[0.42743226885795593,-0.9040473699569702],[0.38053253293037415,-0.9247675538063049],[0.4175414741039276,-0.908657968044281],[0.13812483847141266,-0.9904147982597351],[-0.17040377855300903,-0.985374391078949],[-0.3954944610595703,-0.9184683561325073],[-0.5699853897094727,-0.8216547966003418],[-0.7056618332862854,-0.7085487842559814],[-0.8168410658836365,-0.5768628120422363],[-0.9214038252830505,-0.38860630989074707],[-0.9645029306411743,-0.2640722393989563],[-0.975105345249176,-0.22174210846424103],[-0.9720126986503601,-0.23492830991744995],[-0.9761199951171875,-0.2172316312789917],[-0.998958170413971,-0.04563690349459648],[-0.9920857548713684,0.12556172907352448],[-0.9841741919517517,0.17720359563827515],[-0.9900895953178406,0.14043734967708588],[-0.9771859049797058,0.212385892868042],[-0.921996533870697,0.38719823956489563],[-0.8720226883888245,0.48946547508239746],[-0.8605907559394836,0.5092971920967102],[-0.8524376153945923,0.5228290557861328]],"rotate_array":[[0.0,0.0],[0.0,0.0],[0.0,0.0],[0.0,0.0],[0.0,0.0],[0.0,0.0],[0.0,0.0],[0.0,0.0],[0.0,0.0],[0.0,0.0],[0.0,0.0],[0.0,0.0],[0.0,0.0],[0.0,0.0],[0.0,0.0],[0.0,0.0],[0.0,0.0],[0.0,0.0],[0.0,0.0],[0.0,0.0],[0.0,0.0],[0.0,0.0],[0.0,0.0],[0.0,0.0],[0.0,0.0],[0.0,0.0],[0.0,0.0],[0.0,0.0],[0.0,0.0],[0.0,0.0],[0.0,0.0],[0.0,0.0],[0.0,0.0],[0.0,0.0],[0.0,0.0],[0.0,0.0],[0.0,0.0],[0.0,0.0],[0.0,0.0],[0.0,0.0],[0.0,0.0],[0.0,0.0],[0.0,0.0],[0.0,0.0],[0.0,0.0]],"skin_edge":[["0","1","40.049969"],["1","2","39.204590"],["2","3","36.124783"],["3","4","37.000000"],["4","5","38.052597"],["5","6","25.495098"],["6","7","35.171009"],["7","8","37.336308"],["8","9","37.121422"],["9","10","35.608986"],["10","11","38.897301"],["11","12","38.209946"],["12","13","32.015621"],["13","14","33.615471"],["14","15","36.878178"],["15","16","31.064449"],["16","17","37.576588"],["17","18","29.832869"],["18","19","40.000000"],["19","20","35.608986"],["20","21","12.649111"],["21","22","32.756680"],["22","23","17.029387"],["23","24","22.360680"],["24","25","34.176014"],["25","26","38.832977"],["26","27","38.600517"],["27","28","40.447498"],["28","29","38.327538"],["29","30","40.012497"],["30","31","40.049969"],["31","32","30.805843"],["32","33","24.000000"],["33","34","34.481880"],["34","35","33.241539"],["35","36","37.483330"],["36","37","37.363083"],["37","38","25.000000"],["38","39","29.154760"],["39","40","20.615528"],["40","41","38.078865"],["41","42","33.105892"],["42","43","32.015621"],["43","44","36.400551"],["44","0","37.656342"]],"skin_point_number":45,"uvs":[[0.09090909361839294,0.9621450901031494],[0.17547568678855896,0.9558359384536743],[0.25792813301086426,0.9684542417526245],[0.33403804898262024,0.9779179692268372],[0.4122621417045593,0.9779179692268372],[0.4926004111766815,0.9716088175773621],[0.5454545617103577,0.9558359384536743],[0.6173361539840698,0.9274448156356812],[0.6913319230079651,0.886435329914093],[0.7610993385314941,0.8328076004981995],[0.8202959895133972,0.7634069323539734],[0.8794925808906555,0.6782334446907043],[0.9344608783721924,0.5899053812026978],[0.9873149991035461,0.5268138647079468],[0.9513742327690125,0.43533122539520264],[0.8921775817871094,0.35962146520614624],[0.8372092843055725,0.3059936761856079],[0.7653276920318604,0.2555204927921295],[0.7251585721969604,0.18296529352664948],[0.6744186282157898,0.08201892673969269],[0.6152219772338867,0.012618296779692173],[0.5898520350456238,0.025236593559384346],[0.6257928013801575,0.11356467008590698],[0.5983086824417114,0.14826498925685883],[0.5898520350456238,0.21766561269760132],[0.5221987366676331,0.17981073260307312],[0.44186046719551086,0.15457412600517273],[0.3636363744735718,0.11987381428480148],[0.27906978130340576,0.10094637423753738],[0.19873149693012238,0.11671924591064453],[0.19661733508110046,0.24290220439434052],[0.2008456587791443,0.3690851628780365],[0.23890063166618347,0.44794952869415283],[0.18816067278385162,0.44794952869415283],[0.11839323490858078,0.41640380024909973],[0.04862579330801964,0.40378549695014954],[0.0613107830286026,0.5205047130584717],[0.040169134736061096,0.6340693831443787],[0.09090909361839294,0.6561514139175415],[0.14799153804779053,0.6214510798454285],[0.18816067278385162,0.6466876864433289],[0.15644820034503937,0.7570977807044983],[0.12684988975524902,0.85173499584198],[0.07399576902389526,0.914826512336731],[0.012684989720582962,0.9842271208763123],[0.495382159948349,0.5979694724082947]],"vertex_number":46,"vertices":[[43.0,305.0],[83.0,303.0],[122.0,307.0],[158.0,310.0],[195.0,310.0],[233.0,308.0],[258.0,303.0],[292.0,294.0],[327.0,281.0],[360.0,264.0],[388.0,242.0],[416.0,215.0],[442.0,187.0],[467.0,167.0],[450.0,138.0],[422.0,114.0],[396.0,97.0],[362.0,81.0],[343.0,58.0],[319.0,26.0],[291.0,4.0],[279.0,8.0],[296.0,36.0],[283.0,47.0],[279.0,69.0],[247.0,57.0],[209.0,49.0],[172.0,38.0],[132.0,32.0],[94.0,37.0],[93.0,77.0],[95.0,117.0],[113.0,142.0],[89.0,142.0],[56.0,132.0],[23.0,128.0],[29.0,165.0],[19.0,201.0],[43.0,208.0],[70.0,197.0],[89.0,205.0],[74.0,240.0],[60.0,270.0],[35.0,290.0],[6.0,312.0],[234.31576538085938,189.5563201904297]]}