{"auxiliary_edge":[["5","3","105.042847"],["4","6","103.484299"],["4","2","102.107788"],["6","14","227.635681"],["48","7","222.444580"],["13","5","232.594070"],["3","44","171.093536"],["6","12","189.528366"],["7","11","150.903946"],["8","13","174.957138"],["8","10","92.633690"],["9","12","124.064499"],["48","1","175.620789"],["2","43","171.189957"],["44","23","232.361786"],["16","14","96.932968"],["15","21","140.801285"],["21","23","98.412399"],["22","16","135.340317"],["48","20","196.981964"],["17","21","98.994949"],["16","18","100.498756"],["17","19","69.835518"],["15","13","99.985001"],["45","2","97.329338"],["44","46","101.710373"],["25","41","155.653458"],["26","30","90.138779"],["27","32","83.868942"],["23","41","183.002731"],["24","43","198.861755"],["27","29","95.341492"],["28","31","67.067131"],["31","41","120.503113"],["32","24","151.822266"],["26","40","127.534309"],["33","40","77.233414"],["38","36","52.086468"],["37","35","94.254974"],["36","40","58.249462"],["35","41","65.115280"],["32","39","112.160599"],["26","42","151.082764"],["22","43","234.008545"],["42","48","242.024185"],["1","47","93.193344"],["0","45","80.454956"]],"avg_edge_length":82.84986114501953,"bounding_box":[36.0,8.0,658.0,484.0],"centroid":[363.7982177734375,254.82936096191406],"centroid_tri_idx":46,"edge_list":[["5","4","53.009434"],["4","48","147.488876"],["48","5","166.973145"],["4","3","52.153618"],["3","48","140.672485"],["48","13","205.074448"],["13","6","205.360657"],["6","48","191.300354"],["3","2","50.219517"],["2","48","144.932068"],["13","7","187.267181"],["7","6","49.030602"],["12","8","138.000000"],["8","7","49.648766"],["7","12","161.012421"],["11","9","86.145226"],["9","8","49.193497"],["8","11","114.825958"],["11","10","50.774010"],["10","9","48.301140"],["2","44","122.118797"],["44","48","189.048309"],["12","11","49.203659"],["13","12","49.578220"],["44","43","50.249378"],["43","48","215.293045"],["15","48","158.075073"],["48","16","144.437378"],["16","15","47.434166"],["48","22","164.156342"],["22","21","49.335587"],["21","48","165.093613"],["21","16","93.407707"],["17","16","49.244289"],["16","20","83.600243"],["20","17","63.890530"],["20","18","68.476273"],["18","17","52.009613"],["20","19","49.929951"],["19","18","34.205261"],["21","20","49.578220"],["15","14","49.658836"],["14","48","180.154068"],["6","5","50.803543"],["45","44","50.219517"],["44","1","99.704567"],["1","45","63.568859"],["25","24","34.713108"],["24","26","64.070274"],["26","25","50.219517"],["31","27","42.544094"],["27","26","36.235340"],["26","31","67.268120"],["42","24","168.751297"],["24","23","52.086468"],["23","42","193.499359"],["30","28","27.313000"],["28","27","48.703182"],["27","30","53.907330"],["29","28","47.010635"],["30","29","52.038448"],["31","30","52.038448"],["26","32","91.241440"],["32","31","50.000000"],["26","41","113.322548"],["41","32","83.600243"],["33","32","42.485291"],["32","35","56.753853"],["35","33","43.266617"],["37","39","48.836460"],["39","38","49.739319"],["38","37","14.866069"],["37","36","44.271889"],["36","39","23.769728"],["35","39","57.558666"],["36","35","50.000000"],["32","40","72.801102"],["40","35","37.161808"],["40","39","49.396355"],["24","41","146.863876"],["41","40","30.149628"],["23","22","51.351727"],["48","23","196.229507"],["42","41","49.396355"],["23","43","212.473526"],["43","42","50.803543"],["2","1","39.217342"],["1","0","49.979996"],["0","46","44.944408"],["46","1","66.648331"],["46","45","52.009613"],["0","47","46.010868"],["47","46","47.675991"],["14","13","50.803543"]],"edge_to_tri":[[0],[0,1],[0,20],[1],[1,3],[2,45],[2,4],[2,20],[3],[3,8],[4,10],[4],[5,9],[5],[5,10],[6,7],[6],[6,9],[7],[7],[8,41],[8,11],[9],[10],[11],[11,46],[12,19],[12,14],[12],[13,38],[13],[13,14],[14,18],[15],[15,18],[15,16],[16,17],[16],[17],[17],[18],[19],[19,45],[20],[21],[21,41],[21,43],[22],[22,36],[22],[23,27],[23],[23,28],[24,39],[24],[24,40],[25,26],[25],[25,27],[26],[26],[27],[28,29],[28],[29,36],[29,37],[30],[30,34],[30],[31,32],[31],[31],[32],[32,33],[33,35],[33],[34,37],[34,35],[35],[36,39],[37],[38],[38,46],[39],[40,46],[40],[41],[42],[42,44],[42,43],[43],[44],[44],[45]],"face_indice":[[5,4,48,0,1,2],[48,4,3,1,3,4],[48,13,6,5,6,7],[3,2,48,8,9,4],[13,7,6,10,11,6],[12,8,7,12,13,14],[11,9,8,15,16,17],[11,10,9,18,19,15],[48,2,44,9,20,21],[8,12,11,12,22,17],[7,13,12,10,23,14],[48,44,43,21,24,25],[15,48,16,26,27,28],[48,22,21,29,30,31],[16,48,21,27,31,32],[17,16,20,33,34,35],[17,20,18,35,36,37],[18,20,19,36,38,39],[20,16,21,34,32,40],[48,15,14,26,41,42],[48,6,5,7,43,2],[45,44,1,44,45,46],[25,24,26,47,48,49],[31,27,26,50,51,52],[42,24,23,53,54,55],[30,28,27,56,57,58],[29,28,30,59,56,60],[30,27,31,58,50,61],[31,26,32,52,62,63],[32,26,41,62,64,65],[33,32,35,66,67,68],[37,39,38,69,70,71],[37,36,39,72,73,69],[35,39,36,74,73,75],[35,32,40,67,76,77],[35,40,39,77,78,74],[26,24,41,48,79,64],[32,41,40,65,80,76],[23,22,48,81,29,82],[41,24,42,79,53,83],[42,23,43,55,84,85],[1,44,2,45,20,86],[1,0,46,87,88,89],[46,45,1,90,46,89],[46,0,47,88,91,92],[13,48,14,5,42,93],[48,43,23,25,84,82]],"face_number":47,"img_height":500,"img_path":".\\image\\008.png","img_width":700,"indices":[5,4,48,48,4,3,48,13,6,3,2,48,13,7,6,12,8,7,11,9,8,11,10,9,48,2,44,8,12,11,7,13,12,48,44,43,15,48,16,48,22,21,16,48,21,17,16,20,17,20,18,18,20,19,20,16,21,48,15,14,48,6,5,45,44,1,25,24,26,31,27,26,42,24,23,30,28,27,29,28,30,30,27,31,31,26,32,32,26,41,33,32,35,37,39,38,37,36,39,35,39,36,35,32,40,35,40,39,26,24,41,32,41,40,23,22,48,41,24,42,42,23,43,1,44,2,1,0,46,46,45,1,46,0,47,13,48,14,48,43,23],"negative_edge":[["13","18","205.419083"],["18","12","254.096436"],["4","0","161.400131"],["0","4","161.400131"],["4","47","203.708130"],["5","47","253.954727"],["47","4","203.708130"],["6","47","304.401062"],["47","5","253.954727"],["7","47","353.293091"],["47","6","304.401062"],["14","18","157.784668"],["18","13","205.419083"],["18","14","157.784668"],["12","18","254.096436"],["18","11","302.076141"],["23","19","182.482880"],["19","23","182.482880"],["25","19","243.298172"],["19","25","243.298172"],["29","19","345.978333"],["33","29","178.731644"],["38","47","262.611877"],["47","37","277.477936"],["45","38","200.771011"],["38","46","226.927307"],["47","38","262.611877"],["38","45","200.771011"],["46","38","226.927307"]],"norm_from_centroidArray":[[-0.3955722153186798,0.9184348583221436],[-0.41118094325065613,0.9115537405014038],[-0.23159334063529968,0.9728126525878906],[0.08999236673116684,0.9959424734115601],[0.3799517750740051,0.9250063300132751],[0.5970269441604614,0.8022211194038391],[0.7457238435745239,0.6662550568580627],[0.838462233543396,0.5449598431587219],[0.9037082195281982,0.4281490445137024],[0.9482794404029846,0.3174368441104889],[0.9837996363639832,0.17927174270153046],[0.9984003305435181,0.05654047057032585],[0.9988231062889099,-0.04850180074572563],[0.9802565574645996,-0.1977296620607376],[0.926145613193512,-0.3771662414073944],[0.8247144222259521,-0.5655493140220642],[0.6521503925323486,-0.758089542388916],[0.5570321679115295,-0.8304908275604248],[0.448182612657547,-0.8939419984817505],[0.31464895606040955,-0.94920814037323],[0.2501433193683624,-0.9682087898254395],[0.06297441571950912,-0.9980151653289795],[-0.27756044268608093,-0.9607082009315491],[-0.5443811416625977,-0.8388380408287048],[-0.7095438241958618,-0.7046613693237305],[-0.7027363181114197,-0.711450457572937],[-0.8314930200576782,-0.5555353760719299],[-0.8244044780731201,-0.5660010576248169],[-0.7705047726631165,-0.6374342441558838],[-0.7402923703193665,-0.6722850799560547],[-0.8147748708724976,-0.5797775983810425],[-0.885216474533081,-0.46517929434776306],[-0.9491174817085266,-0.3149222135543823],[-0.973656952381134,-0.2280178815126419],[-0.9790076017379761,-0.20382387936115265],[-0.9912900924682617,-0.13169674575328827],[-0.9996612071990967,0.026029054075479507],[-0.9884892106056213,0.1512916535139084],[-0.9824363589286804,0.18659771978855133],[-0.9982731342315674,0.05874260514974594],[-0.9956651926040649,-0.09300938993692398],[-0.9931073188781738,-0.11720844358205795],[-0.9977266192436218,0.06739058345556259],[-0.9560057520866394,0.2933480143547058],[-0.8482071757316589,0.5296646952629089],[-0.690223753452301,0.7235959768295288],[-0.5666932463645935,0.8239288330078125],[-0.45978844165802,0.8880285024642944]],"rotate_array":[[0.0,0.0],[0.0,0.0],[0.0,0.0],[0.0,0.0],[0.0,0.0],[0.0,0.0],[0.0,0.0],[0.0,0.0],[0.0,0.0],[0.0,0.0],[0.0,0.0],[0.0,0.0],[0.0,0.0],[0.0,0.0],[0.0,0.0],[0.0,0.0],[0.0,0.0],[0.0,0.0],[0.0,0.0],[0.0,0.0],[0.0,0.0],[0.0,0.0],[0.0,0.0],[0.0,0.0],[0.0,0.0],[0.0,0.0],[0.0,0.0],[0.0,0.0],[0.0,0.0],[0.0,0.0],[0.0,0.0],[0.0,0.0],[0.0,0.0],[0.0,0.0],[0.0,0.0],[0.0,0.0],[0.0,0.0],[0.0,0.0],[0.0,0.0],[0.0,0.0],[0.0,0.0],[0.0,0.0],[0.0,0.0],[0.0,0.0],[0.0,0.0],[0.0,0.0],[0.0,0.0],[0.0,0.0]],"skin_edge":[["0","1","49.979996"],["1","2","39.217342"],["2","3","50.219517"],["3","4","52.153618"],["4","5","53.009434"],["5","6","50.803543"],["6","7","49.030602"],["7","8","49.648766"],["8","9","49.193497"],["9","10","48.301140"],["10","11","50.774010"],["11","12","49.203659"],["12","13","49.578220"],["13","14","50.803543"],["14","15","49.658836"],["15","16","47.434166"],["16","17","49.244289"],["17","18","52.009613"],["18","19","34.205261"],["19","20","49.929951"],["20","21","49.578220"],["21","22","49.335587"],["22","23","51.351727"],["23","24","52.086468"],["24","25","34.713108"],["25","26","50.219517"],["26","27","36.235340"],["27","28","48.703182"],["28","29","47.010635"],["29","30","52.038448"],["30","31","52.038448"],["31","32","50.000000"],["32","33","42.485291"],["33","34","8.246211"],["34","35","38.209946"],["35","36","50.000000"],["36","37","44.271889"],["37","38","14.866069"],["38","39","49.739319"],["39","40","49.396355"],["40","41","30.149628"],["41","42","49.396355"],["42","43","50.803543"],["43","44","50.249378"],["44","45","50.219517"],["45","46","52.009613"],["46","47","47.675991"],["47","0","46.010868"]],"skin_point_number":48,"uvs":[[0.3928571343421936,0.921999990940094],[0.4171428680419922,0.828000009059906],[0.4699999988079071,0.8019999861717224],[0.5400000214576721,0.8240000009536743],[0.6142857074737549,0.8320000171661377],[0.6899999976158142,0.8299999833106995],[0.7614285945892334,0.8119999766349792],[0.8299999833106995,0.7919999957084656],[0.8971428275108337,0.7599999904632568],[0.9599999785423279,0.7160000205039978],[0.991428554058075,0.6299999952316284],[0.9528571367263794,0.5440000295639038],[0.8971428275108337,0.48399999737739563],[0.8442857265472412,0.4180000126361847],[0.7857142686843872,0.3580000102519989],[0.7214285731315613,0.3160000145435333],[0.6571428775787354,0.28600001335144043],[0.6728571653366089,0.1899999976158142],[0.6714285612106323,0.0860000029206276],[0.6242856979370117,0.06800000369548798],[0.5857142806053162,0.15199999511241913],[0.5328571200370789,0.21799999475479126],[0.4657142758369446,0.24799999594688416],[0.3928571343421936,0.23600000143051147],[0.31857141852378845,0.23000000417232513],[0.2857142984867096,0.17800000309944153],[0.22714285552501678,0.23600000143051147],[0.18714286386966705,0.1899999976158142],[0.16428571939468384,0.09799999743700027],[0.1314285695552826,0.01600000075995922],[0.12857143580913544,0.11999999731779099],[0.1314285695552826,0.2240000069141388],[0.11142857372760773,0.3199999928474426],[0.05714285746216774,0.3580000102519989],[0.05428571254014969,0.37400001287460327],[0.09142857044935226,0.4300000071525574],[0.0714285746216774,0.5260000228881836],[0.051428571343421936,0.6100000143051147],[0.06714285910129547,0.6299999952316284],[0.10285714268684387,0.5440000295639038],[0.14000000059604645,0.46000000834465027],[0.18285714089870453,0.45399999618530273],[0.2199999988079071,0.5379999876022339],[0.2628571391105652,0.6200000047683716],[0.3157142996788025,0.6880000233650208],[0.33142855763435364,0.7860000133514404],[0.3328571319580078,0.8899999856948853],[0.3442857265472412,0.984000027179718],[0.5657129883766174,0.544967532157898]],"vertex_number":49,"vertices":[[275.0,461.0],[292.0,414.0],[329.0,401.0],[378.0,412.0],[430.0,416.0],[483.0,415.0],[533.0,406.0],[581.0,396.0],[628.0,380.0],[672.0,358.0],[694.0,315.0],[667.0,272.0],[628.0,242.0],[591.0,209.0],[550.0,179.0],[505.0,158.0],[460.0,143.0],[471.0,95.0],[470.0,43.0],[437.0,34.0],[410.0,76.0],[373.0,109.0],[326.0,124.0],[275.0,118.0],[223.0,115.0],[200.0,89.0],[159.0,118.0],[131.0,95.0],[115.0,49.0],[92.0,8.0],[90.0,60.0],[92.0,112.0],[78.0,160.0],[40.0,179.0],[38.0,187.0],[64.0,215.0],[50.0,263.0],[36.0,305.0],[47.0,315.0],[72.0,272.0],[98.0,230.0],[128.0,227.0],[154.0,269.0],[184.0,310.0],[221.0,344.0],[232.0,393.0],[233.0,445.0],[241.0,492.0],[395.9991149902344,272.4837646484375]]}