{"auxiliary_edge":[["2","40","174.364777"],["23","41","227.675766"],["22","24","84.599052"],["22","20","104.235313"],["21","40","212.359634"],["37","1","131.939377"],["38","36","117.902504"],["8","41","169.887009"],["35","25","210.401993"],["26","36","222.497192"],["40","27","231.095657"],["8","10","65.375839"],["9","41","165.386673"],["6","40","207.714172"],["5","7","48.795490"],["40","21","212.359634"],["23","25","90.426765"],["13","11","100.304535"],["12","17","193.507111"],["21","19","103.077644"],["20","18","92.200867"],["14","17","130.969467"],["13","15","108.258949"],["16","41","194.081635"],["18","13","195.923462"],["17","19","90.426765"],["26","24","87.458565"],["10","6","78.714676"],["7","11","119.970833"],["3","5","74.652527"],["4","1","104.890419"],["37","35","113.017700"],["3","38","143.031464"],["4","41","199.024155"],["34","29","164.149323"],["33","27","154.987091"],["26","34","180.601776"],["28","35","180.546387"],["28","32","121.078484"],["30","33","127.882759"],["29","31","89.888817"],["0","38","104.086502"],["10","12","106.470650"],["22","5","316.494873"],["39","40","186.627670"]],"avg_edge_length":97.52379608154297,"bounding_box":[15.0,13.0,675.0,483.0],"centroid":[409.5328063964844,267.656005859375],"centroid_tri_idx":38,"edge_list":[["1","3","69.634758"],["3","2","21.540659"],["2","1","52.924473"],["23","22","40.249222"],["22","40","181.871994"],["40","23","178.603180"],["21","41","169.364136"],["41","22","195.091400"],["22","21","55.226807"],["40","38","168.567291"],["38","37","62.008064"],["37","40","172.940933"],["5","6","31.144823"],["6","8","29.427877"],["8","5","57.306194"],["26","40","189.677734"],["40","35","179.469070"],["35","26","178.465683"],["7","9","36.400551"],["9","8","26.907248"],["8","7","17.464249"],["7","10","62.393909"],["10","9","46.324940"],["5","41","174.856125"],["41","6","160.142792"],["24","23","44.418465"],["40","24","181.880600"],["12","41","152.754379"],["41","13","172.426102"],["13","12","54.230988"],["20","41","134.607010"],["21","20","52.392746"],["19","41","131.672424"],["20","19","52.153618"],["13","16","136.821045"],["16","14","92.439171"],["14","13","60.207973"],["16","15","62.032249"],["15","14","49.040798"],["13","17","160.897476"],["17","16","50.596443"],["17","41","165.802292"],["41","18","148.949066"],["18","17","51.865211"],["19","18","40.360870"],["26","25","41.340054"],["25","40","185.745026"],["24","21","138.956833"],["21","23","94.625580"],["7","41","155.440247"],["41","10","126.985039"],["40","4","174.157593"],["4","3","36.400551"],["3","40","168.451523"],["37","36","58.600342"],["36","40","172.778183"],["1","40","157.899338"],["40","5","189.853516"],["5","4","38.288380"],["34","33","65.030762"],["33","28","123.405838"],["28","34","145.773804"],["27","26","56.824291"],["35","27","170.672195"],["28","27","55.946404"],["27","34","154.207657"],["29","28","56.080299"],["33","29","119.364990"],["30","29","51.865211"],["29","32","91.197586"],["32","30","79.025314"],["31","30","47.265209"],["32","31","56.044624"],["33","32","57.070133"],["35","34","59.135437"],["7","6","17.691807"],["25","24","46.669048"],["1","0","41.146080"],["0","39","47.539455"],["39","1","36.674240"],["11","10","57.584721"],["41","11","123.676727"],["41","40","193.735992"],["38","1","73.790245"],["39","38","59.076221"],["36","35","55.000000"],["12","11","50.000000"]],"edge_to_tri":[[0,24],[0],[0],[1],[1,38],[1,9],[2,11],[2,38],[2],[3,43],[3],[3,22],[4,8],[4],[4],[5,18],[5,40],[5,27],[6,7],[6],[6],[7,20],[7],[8,41],[8,34],[9,19],[9,35],[10,42],[10,23],[10],[11,12],[11],[12,17],[12],[13,15],[13,14],[13],[14],[14],[15,23],[15],[16,23],[16,17],[16],[17],[18],[18,35],[19],[19],[20,34],[20,37],[21,25],[21],[21,24],[22],[22,40],[24,43],[25,41],[25],[26],[26,29],[26,28],[27],[27,33],[28],[28,33],[29],[29,32],[30],[30,32],[30,31],[31],[31],[32],[33],[34],[35],[36],[36],[36,39],[37],[37,42],[38,41],[39,43],[39],[40],[42]],"face_indice":[[1,3,2,0,1,2],[23,22,40,3,4,5],[21,41,22,6,7,8],[40,38,37,9,10,11],[5,6,8,12,13,14],[26,40,35,15,16,17],[7,9,8,18,19,20],[7,10,9,21,22,18],[6,5,41,12,23,24],[24,23,40,25,5,26],[12,41,13,27,28,29],[20,41,21,30,6,31],[19,41,20,32,30,33],[13,16,14,34,35,36],[14,16,15,35,37,38],[13,17,16,39,40,34],[17,41,18,41,42,43],[18,41,19,42,32,44],[40,26,25,15,45,46],[23,24,21,25,47,48],[10,7,41,21,49,50],[40,4,3,51,52,53],[37,36,40,54,55,11],[13,41,17,28,41,39],[3,1,40,0,56,53],[40,5,4,57,58,51],[34,33,28,59,60,61],[27,26,35,62,17,63],[28,27,34,64,65,61],[29,28,33,66,60,67],[30,29,32,68,69,70],[31,30,32,71,70,72],[32,29,33,69,67,73],[35,34,27,74,65,63],[6,41,7,24,49,75],[40,25,24,46,76,26],[1,0,39,77,78,79],[11,10,41,80,50,81],[41,40,22,82,4,7],[38,1,39,83,79,84],[35,40,36,16,55,85],[41,5,40,23,57,82],[41,12,11,27,86,81],[40,1,38,56,83,9]],"face_number":44,"img_height":500,"img_path":".\\image\\010.png","img_width":700,"indices":[1,3,2,23,22,40,21,41,22,40,38,37,5,6,8,26,40,35,7,9,8,7,10,9,6,5,41,24,23,40,12,41,13,20,41,21,19,41,20,13,16,14,14,16,15,13,17,16,17,41,18,18,41,19,40,26,25,23,24,21,10,7,41,40,4,3,37,36,40,13,41,17,3,1,40,40,5,4,34,33,28,27,26,35,28,27,34,29,28,33,30,29,32,31,30,32,32,29,33,35,34,27,6,41,7,40,25,24,1,0,39,11,10,41,41,40,22,38,1,39,35,40,36,41,5,40,41,12,11,40,1,38],"negative_edge":[["9","0","212.417038"],["0","8","185.539749"],["8","0","185.539749"],["30","24","302.630127"],["24","29","250.768814"],["29","25","205.009750"],["25","29","205.009750"],["29","24","250.768814"],["33","37","227.984650"],["37","32","284.987732"],["33","36","170.836182"],["37","33","227.984650"],["36","33","170.836182"]],"norm_from_centroidArray":[[0.45003288984298706,0.8930119872093201],[0.331710547208786,0.943381130695343],[0.5705106854438782,0.8212901949882507],[0.6464883685112,0.7629238367080688],[0.7820101976394653,0.6232656240463257],[0.8920629024505615,0.45191121101379395],[0.9498971104621887,0.3125627040863037],[0.9704493880271912,0.24130475521087646],[0.9672349095344543,0.25388303399086],[0.987758457660675,0.15599139034748077],[0.9994240403175354,-0.033936627209186554],[0.9698730111122131,-0.2436109483242035],[0.9381572604179382,-0.3462093472480774],[0.8743677139282227,-0.485263854265213],[0.7874037027359009,-0.6164376139640808],[0.7027583718299866,-0.7114285826683044],[0.5975157618522644,-0.8018571138381958],[0.5141738653182983,-0.8576860427856445],[0.3959854543209076,-0.9182567596435547],[0.322836309671402,-0.9464547634124756],[0.14348316192626953,-0.9896527528762817],[-0.15415030717849731,-0.9880474209785461],[-0.4650443196296692,-0.8852874040603638],[-0.6863165497779846,-0.7273029685020447],[-0.8538900017738342,-0.5204536318778992],[-0.9569166898727417,-0.2903624475002289],[-0.9959480166435242,-0.08993101119995117],[-0.9992766380310059,0.03802845999598503],[-0.9924727082252502,0.1224665716290474],[-0.9865831732749939,0.16325905919075012],[-0.9763031005859375,0.21640771627426147],[-0.9473544955253601,0.3201863765716553],[-0.9167880415916443,0.3993741571903229],[-0.8724986910820007,0.48861652612686157],[-0.8057862520217896,0.592206597328186],[-0.7141642570495605,0.6999781727790833],[-0.5221397280693054,0.8528599739074707],[-0.2829710841178894,0.9591284990310669],[-0.0070848651230335236,0.9999749660491943],[0.2534417510032654,0.9673506617546082]],"rotate_array":[[0.0,0.0],[0.0,0.0],[0.0,0.0],[0.0,0.0],[0.0,0.0],[0.0,0.0],[0.0,0.0],[0.0,0.0],[0.0,0.0],[0.0,0.0],[0.0,0.0],[0.0,0.0],[0.0,0.0],[0.0,0.0],[0.0,0.0],[0.0,0.0],[0.0,0.0],[0.0,0.0],[0.0,0.0],[0.0,0.0],[0.0,0.0],[0.0,0.0],[0.0,0.0],[0.0,0.0],[0.0,0.0],[0.0,0.0],[0.0,0.0],[0.0,0.0],[0.0,0.0],[0.0,0.0],[0.0,0.0],[0.0,0.0],[0.0,0.0],[0.0,0.0],[0.0,0.0],[0.0,0.0],[0.0,0.0],[0.0,0.0],[0.0,0.0],[0.0,0.0]],"skin_edge":[["0","1","41.146080"],["1","2","52.924473"],["2","3","21.540659"],["3","4","36.400551"],["4","5","38.288380"],["5","6","31.144823"],["6","7","17.691807"],["7","8","17.464249"],["8","9","26.907248"],["9","10","46.324940"],["10","11","57.584721"],["11","12","50.000000"],["12","13","54.230988"],["13","14","60.207973"],["14","15","49.040798"],["15","16","62.032249"],["16","17","50.596443"],["17","18","51.865211"],["18","19","40.360870"],["19","20","52.153618"],["20","21","52.392746"],["21","22","55.226807"],["22","23","40.249222"],["23","24","44.418465"],["24","25","46.669048"],["25","26","41.340054"],["26","27","56.824291"],["27","28","55.946404"],["28","29","56.080299"],["29","30","51.865211"],["30","31","47.265209"],["31","32","56.044624"],["32","33","57.070133"],["33","34","65.030762"],["34","35","59.135437"],["35","36","55.000000"],["36","37","58.600342"],["37","38","62.008064"],["38","39","59.076221"],["39","0","47.539455"]],"skin_point_number":40,"uvs":[[0.7300000190734863,0.9380000233650208],[0.677142858505249,0.9020000100135803],[0.7471428513526917,0.8619999885559082],[0.758571445941925,0.8220000267028809],[0.7900000214576721,0.7639999985694885],[0.8257142901420593,0.7059999704360962],[0.8557142615318298,0.6600000262260437],[0.8742856979370117,0.6359999775886536],[0.8971428275108337,0.6499999761581421],[0.9228571653366089,0.6100000143051147],[0.9071428775787354,0.5199999809265137],[0.9357143044471741,0.41200000047683716],[0.9785714149475098,0.3319999873638153],[0.9857142567634583,0.2240000069141388],[0.9785714149475098,0.10400000214576721],[0.954285740852356,0.012000000104308128],[0.8657143115997314,0.00800000037997961],[0.7971428632736206,0.03999999910593033],[0.727142870426178,0.07400000095367432],[0.6842857003211975,0.12800000607967377],[0.6214285492897034,0.18400000035762787],[0.5485714077949524,0.20800000429153442],[0.49000000953674316,0.28200000524520874],[0.43857142329216003,0.3179999887943268],[0.38428571820259094,0.36399999260902405],[0.33714285492897034,0.4300000071525574],[0.30571427941322327,0.5],[0.23428571224212646,0.5540000200271606],[0.16428571939468384,0.6079999804496765],[0.09000000357627869,0.6499999761581421],[0.02857142873108387,0.7080000042915344],[0.02142857201397419,0.8019999861717224],[0.09857142716646194,0.8320000171661377],[0.1785714328289032,0.8539999723434448],[0.27142858505249023,0.8579999804496765],[0.3557142913341522,0.8500000238418579],[0.41857144236564636,0.9160000085830688],[0.4942857027053833,0.9660000205039978],[0.5828571319580078,0.9679999947547913],[0.6671428680419922,0.9739999771118164],[0.5596336126327515,0.6324368119239807],[0.7618632316589355,0.3679055869579315]],"vertex_number":42,"vertices":[[511.0,469.0],[474.0,451.0],[523.0,431.0],[531.0,411.0],[553.0,382.0],[578.0,353.0],[599.0,330.0],[612.0,318.0],[628.0,325.0],[646.0,305.0],[635.0,260.0],[655.0,206.0],[685.0,166.0],[690.0,112.0],[685.0,52.0],[668.0,6.0],[606.0,4.0],[558.0,20.0],[509.0,37.0],[479.0,64.0],[435.0,92.0],[384.0,104.0],[343.0,141.0],[307.0,159.0],[269.0,182.0],[236.0,215.0],[214.0,250.0],[164.0,277.0],[115.0,304.0],[63.0,325.0],[20.0,354.0],[15.0,401.0],[69.0,416.0],[125.0,427.0],[190.0,429.0],[249.0,425.0],[293.0,458.0],[346.0,483.0],[408.0,484.0],[467.0,487.0],[391.7435302734375,316.2184143066406],[533.3042602539063,183.9528045654297]]}