{"auxiliary_edge":[["42","38","41.967251"],["0","39","49.244289"],["3","10","145.797806"],["16","8","183.095596"],["9","2","125.175873"],["3","7","122.298813"],["4","9","124.149101"],["4","6","106.174385"],["5","8","112.294258"],["3","41","165.886566"],["9","15","142.663940"],["11","13","92.000000"],["12","15","121.379570"],["11","16","124.907967"],["10","14","128.736160"],["18","20","69.856995"],["15","17","92.973114"],["2","38","120.066650"],["1","36","150.525742"],["40","1","78.386284"],["19","21","106.254410"],["20","22","115.017387"],["34","32","132.034088"],["33","35","138.278702"],["21","43","201.150208"],["27","25","118.067780"],["26","31","227.607117"],["43","28","270.611267"],["27","32","224.361313"],["43","28","270.611267"],["17","36","306.634949"],["2","22","294.823669"],["43","41","212.927658"],["25","23","131.244049"],["24","26","127.471565"],["26","31","227.607117"],["34","36","137.000000"],["33","31","123.490891"],["27","30","151.921036"],["29","31","108.208130"],["23","17","178.846298"],["22","24","125.143921"],["43","37","237.754990"],["2","35","228.965057"],["37","0","93.193344"],["16","17","63.906181"]],"avg_edge_length":93.78447723388672,"bounding_box":[16.0,10.0,673.0,474.0],"centroid":[359.14715576171875,263.0962829589844],"centroid_tri_idx":25,"edge_list":[["40","0","29.915911"],["0","42","24.622145"],["42","40","12.014814"],["16","9","118.562218"],["9","3","86.371292"],["3","16","143.836716"],["8","4","76.576759"],["4","3","67.742157"],["3","8","85.000000"],["7","5","62.801273"],["5","4","62.433964"],["4","7","71.063354"],["7","6","54.230988"],["6","5","59.000000"],["8","7","64.513565"],["9","8","69.462219"],["2","16","163.003067"],["3","2","39.408119"],["16","10","97.416634"],["10","9","67.268120"],["14","12","64.031242"],["12","11","70.035706"],["11","14","72.862885"],["10","15","92.097771"],["15","11","81.498466"],["11","10","71.021126"],["14","13","63.411354"],["13","12","25.942244"],["15","14","69.318108"],["16","15","59.059292"],["18","17","28.635643"],["17","19","51.478149"],["19","18","35.355339"],["39","40","24.622141"],["42","39","24.622145"],["19","20","49.578220"],["20","15","82.462112"],["15","19","43.289722"],["1","37","84.118965"],["37","2","122.674362"],["2","1","68.447060"],["38","0","29.832869"],["40","38","37.385925"],["17","20","63.150612"],["21","20","68.117546"],["17","21","80.622574"],["34","33","67.720009"],["33","43","199.108093"],["43","34","189.578476"],["17","22","119.201508"],["22","21","47.042534"],["26","43","228.080658"],["43","27","241.038345"],["27","26","58.258045"],["43","31","238.716965"],["31","27","181.276031"],["2","43","229.906982"],["43","17","195.680954"],["17","2","194.797333"],["25","24","66.490601"],["24","43","183.180618"],["43","25","205.726242"],["27","28","66.068146"],["28","26","124.326187"],["35","34","71.253067"],["43","35","191.207489"],["33","32","64.845970"],["32","43","217.436615"],["31","28","140.014282"],["29","28","60.835846"],["28","30","95.000000"],["30","29","47.707443"],["31","30","62.681736"],["22","43","183.768875"],["43","23","184.445816"],["23","22","62.649822"],["2","36","172.154007"],["36","43","204.588074"],["32","31","59.203041"],["36","35","66.272163"],["1","38","53.935146"],["38","37","65.306969"],["37","36","69.354164"],["1","0","49.769470"],["2","41","178.433594"],["41","16","35.270550"],["17","41","28.635633"],["26","25","62.177166"],["24","23","64.761101"]],"edge_to_tri":[[0,18],[0],[0,15],[1,8],[1,6],[1,7],[2,5],[2],[2,6],[3,4],[3],[3,5],[4],[4],[5],[6],[7,41],[7],[8,13],[8],[9,11],[9],[9,12],[10,13],[10,12],[10],[11],[11],[12],[13],[14],[14,19],[14],[15],[15],[16,19],[16],[16],[17,38],[17,39],[17],[18,40],[18],[19,20],[20],[20,22],[21],[21,29],[21,28],[22,35],[22],[23,43],[23,24],[23,27],[24,36],[24,30],[25,34],[25,35],[25,42],[26],[26,44],[26,43],[27,30],[27],[28],[28,37],[29],[29,36],[30,32],[31],[31,32],[31],[32],[33,35],[33,44],[33],[34,39],[34,37],[36],[37],[38,40],[38],[39],[40],[41,42],[41],[42],[43],[44]],"face_indice":[[40,0,42,0,1,2],[16,9,3,3,4,5],[8,4,3,6,7,8],[7,5,4,9,10,11],[7,6,5,12,13,9],[8,7,4,14,11,6],[9,8,3,15,8,4],[2,16,3,16,5,17],[16,10,9,18,19,3],[14,12,11,20,21,22],[10,15,11,23,24,25],[14,13,12,26,27,20],[15,14,11,28,22,24],[16,15,10,29,23,18],[18,17,19,30,31,32],[39,40,42,33,2,34],[19,20,15,35,36,37],[1,37,2,38,39,40],[38,0,40,41,0,42],[17,20,19,43,35,31],[21,20,17,44,43,45],[34,33,43,46,47,48],[21,17,22,45,49,50],[26,43,27,51,52,53],[43,31,27,54,55,52],[2,43,17,56,57,58],[25,24,43,59,60,61],[26,27,28,53,62,63],[35,34,43,64,48,65],[43,33,32,47,66,67],[28,27,31,62,55,68],[29,28,30,69,70,71],[30,28,31,70,68,72],[22,43,23,73,74,75],[43,2,36,56,76,77],[17,43,22,57,73,49],[31,43,32,54,67,78],[43,36,35,77,79,65],[37,1,38,38,80,81],[2,37,36,39,82,76],[1,0,38,83,41,80],[16,2,41,16,84,85],[2,17,41,58,86,84],[43,26,25,51,87,61],[43,24,23,60,88,74]],"face_number":45,"img_height":500,"img_path":".\\image\\011.png","img_width":700,"indices":[40,0,42,16,9,3,8,4,3,7,5,4,7,6,5,8,7,4,9,8,3,2,16,3,16,10,9,14,12,11,10,15,11,14,13,12,15,14,11,16,15,10,18,17,19,39,40,42,19,20,15,1,37,2,38,0,40,17,20,19,21,20,17,34,33,43,21,17,22,26,43,27,43,31,27,2,43,17,25,24,43,26,27,28,35,34,43,43,33,32,28,27,31,29,28,30,30,28,31,22,43,23,43,2,36,17,43,22,31,43,32,43,36,35,37,1,38,2,37,36,1,0,38,16,2,41,2,17,41,43,26,25,43,24,23],"negative_edge":[["39","36","187.243164"],["36","40","165.094223"],["4","0","85.088188"],["5","0","71.512238"],["0","4","85.088188"],["6","39","127.027557"],["39","5","84.314888"],["37","40","100.199341"],["40","36","165.094223"],["11","8","201.201385"],["8","11","201.201385"],["11","7","263.711975"],["11","6","316.140778"],["7","11","263.711975"],["12","6","382.990875"],["6","11","316.140778"],["15","20","82.462112"],["20","14","111.126053"],["20","13","171.493439"],["14","20","111.126053"],["21","13","236.545975"],["13","20","171.493439"],["22","13","281.113861"],["13","21","236.545975"],["13","22","281.113861"],["23","13","339.705750"],["35","39","250.894394"],["39","34","322.020172"],["36","39","187.243164"],["39","35","250.894394"],["40","37","100.199341"],["0","5","71.512238"],["5","42","74.197372"],["5","39","84.314888"],["42","5","74.197372"]],"norm_from_centroidArray":[[0.7461336255073547,0.6657963395118713],[0.8056873679161072,0.5923409461975098],[0.9274198412895203,0.3740217089653015],[0.975339412689209,0.22071026265621185],[0.9163790941238403,0.40031135082244873],[0.8652957677841187,0.5012615919113159],[0.9030401110649109,0.4295562505722046],[0.9449926018714905,0.327091783285141],[0.9875222444534302,0.15747956931591034],[0.9976022839546204,-0.06920719146728516],[0.9527311325073242,-0.30381491780281067],[0.8739203214645386,-0.4860692322254181],[0.7921455502510071,-0.6103322505950928],[0.7484384775161743,-0.6632041931152344],[0.7398624420166016,-0.672758162021637],[0.8044536113739014,-0.5940155982971191],[0.8747390508651733,-0.4845941662788391],[0.6873056292533875,-0.7263683080673218],[0.7813828587532043,-0.6240519881248474],[0.7391769886016846,-0.6735112071037292],[0.5646759867668152,-0.8253126740455627],[0.29551294445991516,-0.955338716506958],[0.038885895162820816,-0.9992436766624451],[-0.2855341136455536,-0.9583685994148254],[-0.5704764127731323,-0.8213140368461609],[-0.7610749006271362,-0.6486639976501465],[-0.8822229504585266,-0.47083181142807007],[-0.9582545161247253,-0.2859165668487549],[-0.9952274560928345,-0.09758206456899643],[-0.9975824952125549,0.06949184834957123],[-0.9802977442741394,0.19752556085586548],[-0.9369394183158875,0.3494919240474701],[-0.8505089282989502,0.5259606242179871],[-0.6988626718521118,0.715255856513977],[-0.4614948630332947,0.8871429562568665],[-0.12679614126682281,0.9919288754463196],[0.22305919229984283,0.9748048782348633],[0.5331529974937439,0.8460187911987305],[0.6792867183685303,0.7338730096817017],[0.7023047208786011,0.711876392364502]],"rotate_array":[[0.0,0.0],[0.0,0.0],[0.0,0.0],[0.0,0.0],[0.0,0.0],[0.0,0.0],[0.0,0.0],[0.0,0.0],[0.0,0.0],[0.0,0.0],[0.0,0.0],[0.0,0.0],[0.0,0.0],[0.0,0.0],[0.0,0.0],[0.0,0.0],[0.0,0.0],[0.0,0.0],[0.0,0.0],[0.0,0.0],[0.0,0.0],[0.0,0.0],[0.0,0.0],[0.0,0.0],[0.0,0.0],[0.0,0.0],[0.0,0.0],[0.0,0.0],[0.0,0.0],[0.0,0.0],[0.0,0.0],[0.0,0.0],[0.0,0.0],[0.0,0.0],[0.0,0.0],[0.0,0.0],[0.0,0.0],[0.0,0.0],[0.0,0.0],[0.0,0.0]],"skin_edge":[["0","1","49.769470"],["1","2","68.447060"],["2","3","39.408119"],["3","4","67.742157"],["4","5","62.433964"],["5","6","59.000000"],["6","7","54.230988"],["7","8","64.513565"],["8","9","69.462219"],["9","10","67.268120"],["10","11","71.021126"],["11","12","70.035706"],["12","13","25.942244"],["13","14","63.411354"],["14","15","69.318108"],["15","16","59.059292"],["16","17","63.906181"],["17","18","28.635643"],["18","19","35.355339"],["19","20","49.578220"],["20","21","68.117546"],["21","22","47.042534"],["22","23","62.649822"],["23","24","64.761101"],["24","25","66.490601"],["25","26","62.177166"],["26","27","58.258045"],["27","28","66.068146"],["28","29","60.835846"],["29","30","47.707443"],["30","31","62.681736"],["31","32","59.203041"],["32","33","64.845970"],["33","34","67.720009"],["34","35","71.253067"],["35","36","66.272163"],["36","37","69.354164"],["37","38","65.306969"],["38","39","62.008064"],["39","0","49.244289"]],"skin_point_number":40,"uvs":[[0.8042857050895691,0.8899999856948853],[0.7771428823471069,0.7979999780654907],[0.7571428418159485,0.6639999747276306],[0.8028571605682373,0.6179999709129333],[0.8528571724891663,0.734000027179718],[0.8999999761581421,0.8399999737739563],[0.9842857122421265,0.8399999737739563],[0.954285740852356,0.7400000095367432],[0.9242857098579407,0.6179999709129333],[0.8857142925262451,0.49000000953674316],[0.8942857384681702,0.35600000619888306],[0.9114285707473755,0.2160000056028366],[0.9285714030265808,0.07800000160932541],[0.9114285707473755,0.03200000151991844],[0.8399999737739563,0.10999999940395355],[0.795714259147644,0.23399999737739563],[0.7557142972946167,0.33799999952316284],[0.6700000166893005,0.2939999997615814],[0.7099999785423279,0.3059999942779541],[0.7342857122421265,0.24400000274181366],[0.6871428489685059,0.17000000178813934],[0.5899999737739563,0.17800000309944153],[0.522857129573822,0.17399999499320984],[0.4342857003211975,0.15600000321865082],[0.3442857265472412,0.1860000044107437],[0.2514285743236542,0.21400000154972076],[0.1728571355342865,0.2720000147819519],[0.11999999731779099,0.3619999885559082],[0.05999999865889549,0.46399998664855957],[0.022857142612338066,0.5740000009536743],[0.05999999865889549,0.6539999842643738],[0.13428571820259094,0.7239999771118164],[0.2014285773038864,0.7960000038146973],[0.2842857241630554,0.8539999723434448],[0.37714284658432007,0.8920000195503235],[0.47857141494750977,0.9039999842643738],[0.572857141494751,0.8920000195503235],[0.6714285612106323,0.878000020980835],[0.7628571391105652,0.9039999842643738],[0.8328571319580078,0.9800000190734863],[0.8050615787506104,0.949821949005127],[0.7084075808525085,0.3137159049510956],[0.8185714483261108,0.9350000023841858],[0.44415393471717834,0.5246328115463257]],"vertex_number":44,"vertices":[[563.0,445.0],[544.0,399.0],[530.0,332.0],[562.0,309.0],[597.0,367.0],[630.0,420.0],[689.0,420.0],[668.0,370.0],[647.0,309.0],[620.0,245.0],[626.0,178.0],[638.0,108.0],[650.0,39.0],[638.0,16.0],[588.0,55.0],[557.0,117.0],[529.0,169.0],[469.0,147.0],[497.0,153.0],[514.0,122.0],[481.0,85.0],[413.0,89.0],[366.0,87.0],[304.0,78.0],[241.0,93.0],[176.0,107.0],[121.0,136.0],[84.0,181.0],[42.0,232.0],[16.0,287.0],[42.0,327.0],[94.0,362.0],[141.0,398.0],[199.0,427.0],[264.0,446.0],[335.0,452.0],[401.0,446.0],[470.0,439.0],[534.0,452.0],[583.0,490.0],[563.5430908203125,474.9109802246094],[495.88531494140625,156.8579559326172],[573.0,467.5],[310.9077453613281,262.31640625]]}