{"auxiliary_edge":[["1","3","67.475922"],["2","4","66.887962"],["3","49","113.569359"],["47","45","75.432091"],["46","43","84.023804"],["5","48","146.741272"],["4","6","80.056229"],["7","43","182.098877"],["6","8","87.143562"],["7","11","86.267029"],["9","12","92.314682"],["8","10","66.400299"],["5","43","187.515335"],["12","47","191.376587"],["6","13","113.463654"],["12","42","149.933319"],["15","40","146.986389"],["14","17","98.412399"],["16","18","55.470715"],["42","14","145.248062"],["41","43","82.975899"],["18","41","152.029602"],["14","39","150.525742"],["18","38","111.040535"],["19","40","133.633835"],["19","37","101.833199"],["20","39","125.447197"],["22","37","110.724884"],["21","35","82.365044"],["23","36","102.459747"],["22","34","77.414467"],["24","35","100.224747"],["23","33","87.367043"],["25","33","102.591423"],["24","26","82.619614"],["25","28","70.830788"],["27","29","76.026314"],["29","34","97.452553"],["24","30","105.848946"],["29","32","65.734314"],["31","33","85.094063"],["21","38","118.139748"],["20","36","95.963531"],["13","40","154.651215"],["6","44","176.640884"],["49","47","85.475143"],["48","0","81.394104"]],"avg_edge_length":66.51240539550781,"bounding_box":[13.0,19.0,666.0,456.0],"centroid":[403.7474365234375,267.9921569824219],"centroid_tri_idx":40,"edge_list":[["1","0","41.761227"],["0","2","68.410522"],["2","1","42.047592"],["0","3","85.234970"],["3","2","26.925823"],["0","4","111.220505"],["4","3","40.607880"],["47","46","32.756680"],["46","44","52.697250"],["44","47","79.120163"],["4","47","145.646835"],["47","5","145.165421"],["5","4","39.698868"],["7","6","42.296574"],["6","12","96.046867"],["12","7","72.277245"],["8","7","45.000000"],["12","8","75.026665"],["8","11","63.063461"],["11","9","57.306194"],["9","8","45.354160"],["11","10","42.544094"],["10","9","30.364452"],["6","5","41.048752"],["47","6","145.361618"],["12","11","43.931767"],["6","43","163.685669"],["43","12","150.359573"],["13","12","18.681541"],["43","13","147.258270"],["15","14","42.544094"],["14","18","96.648849"],["18","15","68.359344"],["15","17","59.640591"],["17","16","27.294687"],["16","15","43.908997"],["41","13","143.450333"],["13","42","142.003525"],["42","41","43.139309"],["18","17","33.015148"],["14","40","133.405396"],["40","18","122.784363"],["39","19","107.689369"],["19","18","41.109608"],["18","39","109.603828"],["38","20","100.498756"],["20","19","42.047592"],["19","38","95.015785"],["22","21","43.965897"],["21","36","77.524193"],["36","22","80.056229"],["23","22","42.059483"],["22","35","60.901562"],["35","23","66.753281"],["24","23","40.607880"],["23","34","57.306194"],["34","24","75.106590"],["25","24","41.725292"],["24","29","73.348480"],["29","25","60.108234"],["29","26","65.375839"],["26","25","41.340054"],["26","28","50.990196"],["28","27","41.593269"],["27","26","41.109608"],["29","28","38.183765"],["24","33","83.725746"],["33","29","66.648331"],["30","29","36.769554"],["33","30","65.863495"],["30","32","39.560081"],["32","31","40.024994"],["31","30","40.311287"],["33","32","46.270943"],["21","20","43.324360"],["20","37","89.185204"],["37","21","91.087868"],["34","33","45.044422"],["35","34","41.231056"],["14","13","41.880783"],["41","14","134.014923"],["36","35","42.638012"],["37","36","42.438190"],["38","37","41.880783"],["39","38","37.643059"],["40","39","41.868843"],["41","40","43.185646"],["43","42","40.000000"],["47","43","102.649887"],["48","4","135.473251"],["4","49","128.316010"],["49","48","43.081318"],["46","45","42.720020"],["45","44","41.109608"],["44","43","37.854988"],["0","49","41.773197"],["48","47","43.011627"]],"edge_to_tri":[[0],[0,1],[0],[1,2],[1],[2,46],[2],[3],[3,44],[3,45],[4,47],[4,9],[4],[5],[5,11],[5,6],[6],[6,10],[7,10],[7,8],[7],[8],[8],[9],[9,42],[10],[11,42],[11,12],[12],[12,41],[13],[13,17],[13,16],[14,16],[14],[14],[15,34],[15,41],[15],[16],[17,40],[17,39],[18,38],[18],[18,39],[19,37],[19],[19,38],[20],[20,36],[20,35],[21],[21,35],[21,33],[22],[22,33],[22,32],[23],[23,27],[23,24],[24,26],[24],[25,26],[25],[25],[26],[27,32],[27,28],[28],[28,30],[29,30],[29],[29],[30],[31],[31,37],[31,36],[32],[33],[34],[34,40],[35],[36],[37],[38],[39],[40],[41],[42,45],[43,47],[43,46],[43],[44],[44],[45],[46],[47]],"face_indice":[[1,0,2,0,1,2],[0,3,2,3,4,1],[0,4,3,5,6,3],[47,46,44,7,8,9],[4,47,5,10,11,12],[7,6,12,13,14,15],[8,7,12,16,15,17],[8,11,9,18,19,20],[9,11,10,19,21,22],[6,5,47,23,11,24],[8,12,11,17,25,18],[12,6,43,14,26,27],[13,12,43,28,27,29],[15,14,18,30,31,32],[15,17,16,33,34,35],[41,13,42,36,37,38],[15,18,17,32,39,33],[18,14,40,31,40,41],[39,19,18,42,43,44],[38,20,19,45,46,47],[22,21,36,48,49,50],[23,22,35,51,52,53],[24,23,34,54,55,56],[25,24,29,57,58,59],[25,29,26,59,60,61],[26,28,27,62,63,64],[26,29,28,60,65,62],[29,24,33,58,66,67],[30,29,33,68,67,69],[30,32,31,70,71,72],[30,33,32,69,73,70],[21,20,37,74,75,76],[33,24,34,66,56,77],[23,35,34,53,78,55],[14,13,41,79,36,80],[35,22,36,52,50,81],[36,21,37,49,76,82],[37,20,38,75,45,83],[38,19,39,47,42,84],[39,18,40,44,41,85],[40,14,41,40,80,86],[42,13,43,37,29,87],[43,6,47,26,24,88],[48,4,49,89,90,91],[44,46,45,8,92,93],[44,43,47,94,88,9],[0,49,4,95,90,5],[4,48,47,89,96,10]],"face_number":48,"img_height":500,"img_path":".\\image\\014.png","img_width":700,"indices":[1,0,2,0,3,2,0,4,3,47,46,44,4,47,5,7,6,12,8,7,12,8,11,9,9,11,10,6,5,47,8,12,11,12,6,43,13,12,43,15,14,18,15,17,16,41,13,42,15,18,17,18,14,40,39,19,18,38,20,19,22,21,36,23,22,35,24,23,34,25,24,29,25,29,26,26,28,27,26,29,28,29,24,33,30,29,33,30,32,31,30,33,32,21,20,37,33,24,34,23,35,34,14,13,41,35,22,36,36,21,37,37,20,38,38,19,39,39,18,40,40,14,41,42,13,43,43,6,47,48,4,49,44,46,45,44,43,47,0,49,4,4,48,47],"negative_edge":[["5","8","116.709038"],["8","4","154.353485"],["8","5","116.709038"],["16","21","164.596481"],["21","25","164.730087"],["25","16","322.024841"],["4","8","154.353485"],["8","3","194.123672"],["9","3","238.447052"],["3","8","194.123672"],["21","17","138.177429"],["16","10","124.535133"],["32","37","207.135223"],["39","32","283.622986"],["17","21","138.177429"],["21","16","164.596481"],["25","22","122.036880"],["22","25","122.036880"],["25","21","164.730087"],["16","25","322.024841"],["26","16","362.084259"],["16","26","362.084259"],["26","10","485.907410"],["10","16","124.535133"],["31","27","124.615410"],["36","33","124.422668"],["33","36","124.422668"],["36","32","166.865219"],["37","32","207.135223"],["32","36","166.865219"],["45","39","233.893143"],["41","45","151.327454"],["45","41","151.327454"],["32","39","283.622986"],["39","45","233.893143"],["45","32","498.016052"],["32","45","498.016052"],["45","31","534.739197"],["49","45","149.626205"]],"norm_from_centroidArray":[[0.7511197328567505,0.6601660847663879],[0.81679368019104,0.5769299268722534],[0.8767279386520386,0.4809865951538086],[0.9032605290412903,0.4290925860404968],[0.9312480688095093,0.36438578367233276],[0.9581554532051086,0.28624844551086426],[0.9750844836235046,0.22183379530906677],[0.9999839663505554,-0.005661207251250744],[0.9672467708587646,-0.25383803248405457],[0.8769965767860413,-0.48049670457839966],[0.8069539070129395,-0.590614378452301],[0.8789523243904114,-0.47690966725349426],[0.9841070771217346,-0.17757587134838104],[0.9642119407653809,-0.265132874250412],[0.7435428500175476,-0.6686883568763733],[0.3793143928050995,-0.9252678155899048],[0.10627695173025131,-0.9943365454673767],[-0.11382485181093216,-0.993500828742981],[-0.3321586847305298,-0.9432234764099121],[-0.5605605244636536,-0.8281134963035583],[-0.6627840995788574,-0.7488104701042175],[-0.7376242876052856,-0.6752112507820129],[-0.7872148752212524,-0.6166788935661316],[-0.8174642324447632,-0.5759793519973755],[-0.813897967338562,-0.5810078382492065],[-0.8039996027946472,-0.5946297645568848],[-0.8085309863090515,-0.5884537100791931],[-0.8363693952560425,-0.5481662154197693],[-0.8742488622665405,-0.48547810316085815],[-0.8873424530029297,-0.46111106872558594],[-0.9250138401985168,-0.37993323802948],[-0.9559423327445984,-0.29355427622795105],[-0.9536495804786682,-0.30091938376426697],[-0.9349783062934875,-0.35470500588417053],[-0.9162667989730835,-0.40056857466697693],[-0.9153403639793396,-0.40268105268478394],[-0.9365936517715454,-0.3504174053668976],[-0.9568543434143066,-0.29056796431541443],[-0.9805133938789368,-0.1964520663022995],[-1.0,8.642688044346869e-05],[-0.9085842967033386,0.4177016615867615],[-0.4501591622829437,0.8929482698440552],[0.014071114361286163,0.9999010562896729],[0.282283216714859,0.9593310952186584],[0.26515892148017883,0.964204728603363],[0.22570118308067322,0.9741966128349304],[0.4299777150154114,0.9028394818305969],[0.5632531642913818,0.8262844085693359],[0.6114959120750427,0.7912476658821106],[0.6700144410133362,0.7423480749130249]],"rotate_array":[[0.0,0.0],[0.0,0.0],[0.0,0.0],[0.0,0.0],[0.0,0.0],[0.0,0.0],[0.0,0.0],[0.0,0.0],[0.0,0.0],[0.0,0.0],[0.0,0.0],[0.0,0.0],[0.0,0.0],[0.0,0.0],[0.0,0.0],[0.0,0.0],[0.0,0.0],[0.0,0.0],[0.0,0.0],[0.0,0.0],[0.0,0.0],[0.0,0.0],[0.0,0.0],[0.0,0.0],[0.0,0.0],[0.0,0.0],[0.0,0.0],[0.0,0.0],[0.0,0.0],[0.0,0.0],[0.0,0.0],[0.0,0.0],[0.0,0.0],[0.0,0.0],[0.0,0.0],[0.0,0.0],[0.0,0.0],[0.0,0.0],[0.0,0.0],[0.0,0.0],[0.0,0.0],[0.0,0.0],[0.0,0.0],[0.0,0.0],[0.0,0.0],[0.0,0.0],[0.0,0.0],[0.0,0.0],[0.0,0.0],[0.0,0.0]],"skin_edge":[["0","1","41.761227"],["1","2","42.047592"],["2","3","26.925823"],["3","4","40.607880"],["4","5","39.698868"],["5","6","41.048752"],["6","7","42.296574"],["7","8","45.000000"],["8","9","45.354160"],["9","10","30.364452"],["10","11","42.544094"],["11","12","43.931767"],["12","13","18.681541"],["13","14","41.880783"],["14","15","42.544094"],["15","16","43.908997"],["16","17","27.294687"],["17","18","33.015148"],["18","19","41.109608"],["19","20","42.047592"],["20","21","43.324360"],["21","22","43.965897"],["22","23","42.059483"],["23","24","40.607880"],["24","25","41.725292"],["25","26","41.340054"],["26","27","41.109608"],["27","28","41.593269"],["28","29","38.183765"],["29","30","36.769554"],["30","31","40.311287"],["31","32","40.024994"],["32","33","46.270943"],["33","34","45.044422"],["34","35","41.231056"],["35","36","42.638012"],["36","37","42.438190"],["37","38","41.880783"],["38","39","37.643059"],["39","40","41.868843"],["40","41","43.185646"],["41","42","43.139309"],["42","43","40.000000"],["43","44","37.854988"],["44","45","41.109608"],["45","46","42.720020"],["46","47","32.756680"],["47","48","43.011627"],["48","49","43.081318"],["49","0","41.773197"]],"skin_point_number":50,"uvs":[[0.9100000262260437,0.9459999799728394],[0.9671428799629211,0.921999990940094],[0.9700000286102295,0.8379999995231628],[0.9557142853736877,0.7879999876022339],[0.9200000166893005,0.7239999771118164],[0.8828571438789368,0.6639999747276306],[0.8342857360839844,0.6179999709129333],[0.8271428346633911,0.5339999794960022],[0.8271428346633911,0.4440000057220459],[0.8114285469055176,0.35600000619888306],[0.7699999809265137,0.33799999952316284],[0.7400000095367432,0.41200000047683716],[0.727142870426178,0.49799999594688416],[0.7014285922050476,0.4880000054836273],[0.6514285802841187,0.44200000166893005],[0.6271428465843201,0.36399999260902405],[0.595714271068573,0.2879999876022339],[0.5571428537368774,0.29600000381469727],[0.5299999713897705,0.3499999940395355],[0.47428572177886963,0.3240000009536743],[0.41999998688697815,0.2879999876022339],[0.36142855882644653,0.25999999046325684],[0.30142858624458313,0.23399999737739563],[0.2442857176065445,0.20800000429153442],[0.19857142865657806,0.15800000727176666],[0.15571428835391998,0.10000000149011612],[0.10571428388357162,0.0560000017285347],[0.04714285582304001,0.05000000074505806],[0.05714285746216774,0.13199999928474426],[0.09571428596973419,0.1860000044107437],[0.058571428060531616,0.23800000548362732],[0.018571428954601288,0.29600000381469727],[0.07428571581840515,0.3140000104904175],[0.14000000059604645,0.30399999022483826],[0.20428571105003357,0.30799999833106995],[0.25857141613960266,0.3400000035762787],[0.30571427941322327,0.39399999380111694],[0.3557142913341522,0.44200000166893005],[0.4057142734527588,0.4880000054836273],[0.4471428692340851,0.5360000133514404],[0.4928571283817291,0.5899999737739563],[0.5342857241630554,0.6539999842643738],[0.5785714387893677,0.7139999866485596],[0.6242856979370117,0.7620000243186951],[0.6357142925262451,0.8360000252723694],[0.6399999856948853,0.9179999828338623],[0.6985714435577393,0.8939999938011169],[0.7442857027053833,0.8799999952316284],[0.7942857146263123,0.9300000071525574],[0.8514285683631897,0.9620000123977661]],"vertex_number":50,"vertices":[[637.0,473.0],[677.0,461.0],[679.0,419.0],[669.0,394.0],[644.0,362.0],[618.0,332.0],[584.0,309.0],[579.0,267.0],[579.0,222.0],[568.0,178.0],[539.0,169.0],[518.0,206.0],[509.0,249.0],[491.0,244.0],[456.0,221.0],[439.0,182.0],[417.0,144.0],[390.0,148.0],[371.0,175.0],[332.0,162.0],[294.0,144.0],[253.0,130.0],[211.0,117.0],[171.0,104.0],[139.0,79.0],[109.0,50.0],[74.0,28.0],[33.0,25.0],[40.0,66.0],[67.0,93.0],[41.0,119.0],[13.0,148.0],[52.0,157.0],[98.0,152.0],[143.0,154.0],[181.0,170.0],[214.0,197.0],[249.0,221.0],[284.0,244.0],[313.0,268.0],[345.0,295.0],[374.0,327.0],[405.0,357.0],[437.0,381.0],[445.0,418.0],[448.0,459.0],[489.0,447.0],[521.0,440.0],[556.0,465.0],[596.0,481.0]]}