{"auxiliary_edge":[["1","3","68.308128"],["2","4","71.449280"],["3","49","129.541504"],["0","51","173.458466"],["46","44","79.555016"],["45","47","81.584312"],["9","51","153.087387"],["8","10","76.059189"],["43","40","101.414986"],["42","38","117.796432"],["41","39","60.835846"],["8","50","249.943878"],["14","7","191.817627"],["9","11","73.000000"],["10","13","81.706795"],["12","14","55.605755"],["48","4","173.216629"],["49","47","83.486526"],["14","16","80.523285"],["15","51","215.666626"],["5","49","163.975601"],["4","6","76.485291"],["34","28","130.919830"],["33","26","117.153748"],["20","34","148.354309"],["19","25","132.823196"],["21","26","129.468140"],["20","24","106.850365"],["22","24","71.568146"],["23","25","73.109505"],["19","50","178.214951"],["18","34","152.052628"],["26","35","165.084824"],["19","27","160.012497"],["27","32","97.416634"],["29","33","106.066017"],["28","31","78.587532"],["30","32","73.164200"],["38","44","170.950287"],["50","39","159.945816"],["43","37","169.118301"],["46","48","81.884064"],["15","17","84.852814"],["35","17","199.444229"],["18","36","188.679626"],["16","18","89.089844"],["14","44","296.366333"],["5","7","75.802376"],["38","36","71.175842"],["37","35","76.157730"],["6","8","75.604233"],["45","50","181.338120"],["51","43","205.974121"]],"avg_edge_length":83.67704010009766,"bounding_box":[14.0,14.0,664.0,465.0],"centroid":[374.05767822265625,283.9356994628906],"centroid_tri_idx":37,"edge_list":[["1","0","42.579338"],["0","2","71.021126"],["2","1","35.846897"],["0","3","95.671310"],["3","2","34.132095"],["0","4","120.768372"],["4","3","38.600517"],["0","49","46.043457"],["49","4","145.096527"],["46","45","40.792156"],["45","51","153.921570"],["51","46","136.805511"],["8","14","155.618118"],["14","9","129.096863"],["9","8","40.261642"],["43","42","37.656342"],["42","39","91.049438"],["39","43","119.012604"],["42","41","45.044422"],["41","40","31.906113"],["40","42","68.447060"],["51","14","190.784866"],["8","51","125.041595"],["14","10","100.129913"],["10","9","37.202152"],["14","11","73.681747"],["11","10","36.069378"],["11","13","50.249378"],["13","12","28.319605"],["12","11","37.643059"],["14","13","27.459061"],["51","49","148.737473"],["49","48","42.296574"],["48","51","133.058350"],["50","15","157.832520"],["15","14","39.849716"],["14","50","170.548508"],["4","51","158.463425"],["51","5","139.654297"],["5","4","38.483765"],["34","33","44.011364"],["33","27","98.030609"],["27","34","120.253899"],["20","19","37.363083"],["19","26","137.480911"],["26","20","125.399361"],["21","20","41.436699"],["20","25","111.400177"],["25","21","104.560989"],["21","23","67.675697"],["23","22","40.199501"],["22","21","37.576588"],["21","24","86.313385"],["24","23","37.013512"],["19","18","39.204590"],["18","35","166.352036"],["35","19","146.485489"],["25","24","37.589893"],["26","25","36.674240"],["19","34","125.255737"],["34","26","128.156158"],["27","26","34.655445"],["28","27","38.587563"],["33","28","97.082436"],["28","32","80.653580"],["32","29","76.380623"],["29","28","36.400551"],["29","31","54.744862"],["31","30","35.383614"],["30","29","31.764761"],["32","31","44.011364"],["33","32","40.199501"],["50","43","158.775833"],["43","38","140.206985"],["38","50","143.915298"],["51","47","130.643188"],["47","46","40.792156"],["35","34","37.000000"],["16","15","40.792156"],["50","16","150.257935"],["18","50","158.140335"],["50","35","165.662109"],["50","17","149.652664"],["17","16","44.181442"],["51","50","179.319595"],["39","38","33.376640"],["40","39","29.410883"],["51","6","128.581253"],["6","5","38.013157"],["38","37","33.837849"],["37","50","140.431015"],["36","50","151.889847"],["37","36","37.589893"],["51","7","122.450485"],["7","6","38.013157"],["45","44","38.897301"],["44","51","174.112656"],["8","7","37.643059"],["44","50","159.867996"],["48","47","41.194660"],["18","17","45.000000"],["36","35","38.897301"],["44","43","37.013512"]],"edge_to_tri":[[0],[0,1],[0],[1,2],[1],[2,3],[2],[3],[3,45],[4],[4,44],[4,32],[5,8],[5,9],[5],[6],[6,39],[6,38],[7],[7],[7,39],[8,37],[8,46],[9,10],[9],[10,12],[10],[11,12],[11],[11],[12],[13,45],[13],[13,48],[14,34],[14],[14,37],[15,45],[15,40],[15],[16],[16,26],[16,25],[17],[17,24],[17,23],[18],[18,23],[18,22],[19,20],[19],[19],[20,22],[20],[21],[21,35],[21,33],[22],[23],[24,33],[24,25],[25],[26],[26,30],[27,30],[27,29],[27],[28,29],[28],[28],[29],[30],[31,51],[31,38],[31,41],[32,48],[32],[33],[34],[34,36],[35,49],[35,50],[36,49],[36],[37,47],[38],[39],[40,43],[40],[41],[41,42],[42,50],[42],[43,46],[43],[44],[44,47],[46],[47,51],[48],[49],[50],[51]],"face_indice":[[1,0,2,0,1,2],[0,3,2,3,4,1],[0,4,3,5,6,3],[0,49,4,7,8,5],[46,45,51,9,10,11],[8,14,9,12,13,14],[43,42,39,15,16,17],[42,41,40,18,19,20],[51,14,8,21,12,22],[9,14,10,13,23,24],[10,14,11,23,25,26],[11,13,12,27,28,29],[11,14,13,25,30,27],[51,49,48,31,32,33],[50,15,14,34,35,36],[4,51,5,37,38,39],[34,33,27,40,41,42],[20,19,26,43,44,45],[21,20,25,46,47,48],[21,23,22,49,50,51],[21,24,23,52,53,49],[19,18,35,54,55,56],[21,25,24,48,57,52],[20,26,25,45,58,47],[19,34,26,59,60,44],[27,26,34,61,60,42],[28,27,33,62,41,63],[28,32,29,64,65,66],[29,31,30,67,68,69],[29,32,31,65,70,67],[28,33,32,63,71,64],[50,43,38,72,73,74],[51,47,46,75,76,11],[19,35,34,56,77,59],[16,15,50,78,34,79],[18,50,35,80,81,55],[50,17,16,82,83,79],[51,50,14,84,36,21],[38,43,39,73,17,85],[39,42,40,16,20,86],[5,51,6,38,87,88],[50,38,37,74,89,90],[36,50,37,91,90,92],[51,7,6,93,94,87],[51,45,44,10,95,96],[51,4,49,37,8,31],[7,51,8,93,22,97],[51,44,50,96,98,84],[48,47,51,99,75,33],[50,18,17,80,100,82],[50,36,35,91,101,81],[50,44,43,98,102,72]],"face_number":52,"img_height":500,"img_path":".\\image\\015.png","img_width":700,"indices":[1,0,2,0,3,2,0,4,3,0,49,4,46,45,51,8,14,9,43,42,39,42,41,40,51,14,8,9,14,10,10,14,11,11,13,12,11,14,13,51,49,48,50,15,14,4,51,5,34,33,27,20,19,26,21,20,25,21,23,22,21,24,23,19,18,35,21,25,24,20,26,25,19,34,26,27,26,34,28,27,33,28,32,29,29,31,30,29,32,31,28,33,32,50,43,38,51,47,46,19,35,34,16,15,50,18,50,35,50,17,16,51,50,14,38,43,39,39,42,40,5,51,6,50,38,37,36,50,37,51,7,6,51,45,44,51,4,49,7,51,8,51,44,50,48,47,51,50,18,17,50,36,35,50,44,43],"negative_edge":[["21","16","167.215424"],["16","21","167.215424"],["22","16","199.401611"],["16","22","199.401611"],["22","12","300.913605"],["29","24","179.067032"],["40","31","276.479645"],["31","39","250.639175"],["36","31","167.343964"],["41","31","307.689789"],["31","40","276.479645"],["37","31","198.768707"],["31","36","167.343964"],["38","31","225.800797"],["31","37","198.768707"],["39","31","250.639175"],["31","38","225.800797"],["47","42","192.044266"],["42","46","151.476074"],["46","42","151.476074"],["42","47","192.044266"],["47","41","237.023209"],["49","41","320.502716"],["41","47","237.023209"]],"norm_from_centroidArray":[[0.7662171721458435,0.6425817608833313],[0.8233057260513306,0.5675982236862183],[0.8780010938644409,0.47865861654281616],[0.919360339641571,0.3934166133403778],[0.9530616402626038,0.30277636647224426],[0.97871994972229,0.2052004486322403],[0.9957422018051147,0.09218136966228485],[0.9995754361152649,-0.029136283323168755],[0.9861847758293152,-0.16564856469631195],[0.9386427998542786,-0.34489092230796814],[0.8662495613098145,-0.49961164593696594],[0.7682605981826782,-0.6401371955871582],[0.6362200379371643,-0.7715076804161072],[0.6175382733345032,-0.7865408062934875],[0.5687922835350037,-0.8224812150001526],[0.3224440813064575,-0.9465885162353516],[0.03529651090502739,-0.9993768930435181],[-0.26188454031944275,-0.9650992155075073],[-0.5042970180511475,-0.8635302186012268],[-0.6395030617713928,-0.7687885165214539],[-0.586113452911377,-0.8102290034294128],[-0.5258399248123169,-0.8505834937095642],[-0.5137555599212646,-0.8579365611076355],[-0.5958003997802734,-0.8031326532363892],[-0.6825098395347595,-0.7308763861656189],[-0.7600974440574646,-0.6498091816902161],[-0.8292258381843567,-0.5589137077331543],[-0.8836824893951416,-0.46808674931526184],[-0.9248899221420288,-0.38023507595062256],[-0.9543970227241516,-0.2985399663448334],[-0.9762312769889832,-0.21673119068145752],[-0.9873642325401306,-0.1584673821926117],[-0.9839680194854736,-0.17834503948688507],[-0.9754248261451721,-0.22033248841762543],[-0.9657087922096252,-0.2596279978752136],[-0.9943469166755676,-0.10617971420288086],[-0.9962128400802612,0.08694808185100555],[-0.959014892578125,0.283355712890625],[-0.8861986994743347,0.4633055031299591],[-0.7961098551750183,0.6051520705223083],[-0.7045882344245911,0.7096163630485535],[-0.5916030406951904,0.8062294125556946],[-0.4195171296596527,0.9077474474906921],[-0.24831944704055786,0.9686782360076904],[-0.031001556664705276,0.9995193481445313],[0.17949709296226501,0.9837585687637329],[0.3657589554786682,0.9307096004486084],[0.5055148601531982,0.8628178834915161],[0.6170168519020081,0.7869499921798706],[0.6978791356086731,0.7162154316902161]],"rotate_array":[[0.0,0.0],[0.0,0.0],[0.0,0.0],[0.0,0.0],[0.0,0.0],[0.0,0.0],[0.0,0.0],[0.0,0.0],[0.0,0.0],[0.0,0.0],[0.0,0.0],[0.0,0.0],[0.0,0.0],[0.0,0.0],[0.0,0.0],[0.0,0.0],[0.0,0.0],[0.0,0.0],[0.0,0.0],[0.0,0.0],[0.0,0.0],[0.0,0.0],[0.0,0.0],[0.0,0.0],[0.0,0.0],[0.0,0.0],[0.0,0.0],[0.0,0.0],[0.0,0.0],[0.0,0.0],[0.0,0.0],[0.0,0.0],[0.0,0.0],[0.0,0.0],[0.0,0.0],[0.0,0.0],[0.0,0.0],[0.0,0.0],[0.0,0.0],[0.0,0.0],[0.0,0.0],[0.0,0.0],[0.0,0.0],[0.0,0.0],[0.0,0.0],[0.0,0.0],[0.0,0.0],[0.0,0.0],[0.0,0.0],[0.0,0.0]],"skin_edge":[["0","1","42.579338"],["1","2","35.846897"],["2","3","34.132095"],["3","4","38.600517"],["4","5","38.483765"],["5","6","38.013157"],["6","7","38.013157"],["7","8","37.643059"],["8","9","40.261642"],["9","10","37.202152"],["10","11","36.069378"],["11","12","37.643059"],["12","13","28.319605"],["13","14","27.459061"],["14","15","39.849716"],["15","16","40.792156"],["16","17","44.181442"],["17","18","45.000000"],["18","19","39.204590"],["19","20","37.363083"],["20","21","41.436699"],["21","22","37.576588"],["22","23","40.199501"],["23","24","37.013512"],["24","25","37.589893"],["25","26","36.674240"],["26","27","34.655445"],["27","28","38.587563"],["28","29","36.400551"],["29","30","31.764761"],["30","31","35.383614"],["31","32","44.011364"],["32","33","40.199501"],["33","34","44.011364"],["34","35","37.000000"],["35","36","38.897301"],["36","37","37.589893"],["37","38","33.837849"],["38","39","33.376640"],["39","40","29.410883"],["40","41","31.906113"],["41","42","45.044422"],["42","43","37.656342"],["43","44","37.013512"],["44","45","38.897301"],["45","46","40.792156"],["46","47","40.792156"],["47","48","41.194660"],["48","49","42.296574"],["49","0","46.043457"]],"skin_point_number":50,"uvs":[[0.8785714507102966,0.972000002861023],[0.9385714530944824,0.9580000042915344],[0.9642857313156128,0.8960000276565552],[0.9685714244842529,0.828000009059906],[0.9528571367263794,0.7540000081062317],[0.9300000071525574,0.6840000152587891],[0.9057142734527588,0.6159999966621399],[0.8742856979370117,0.5540000200271606],[0.8399999737739563,0.4959999918937683],[0.8257142901420593,0.4180000126361847],[0.7942857146263123,0.3580000102519989],[0.7571428418159485,0.30799999833106995],[0.7157142758369446,0.25999999046325684],[0.6857143044471741,0.2980000078678131],[0.6528571248054504,0.328000009059906],[0.5985714197158813,0.30399999022483826],[0.5414285659790039,0.2879999876022339],[0.47857141494750977,0.2800000011920929],[0.41428571939468384,0.2800000011920929],[0.35857143998146057,0.2720000147819519],[0.3442857265472412,0.20000000298023224],[0.33571428060531616,0.11800000071525574],[0.31285715103149414,0.05000000074505806],[0.2557142972946167,0.041999999433755875],[0.2142857164144516,0.08799999952316284],[0.18857142329216003,0.15399999916553497],[0.16571427881717682,0.2199999988079071],[0.12999999523162842,0.2680000066757202],[0.08285713940858841,0.30799999833106995],[0.041428569704294205,0.35199999809265137],[0.019999999552965164,0.40799999237060547],[0.05428571254014969,0.46000000834465027],[0.11714285612106323,0.4620000123977661],[0.17428570985794067,0.45399999618530273],[0.23714286088943481,0.4560000002384186],[0.2542857229709625,0.5260000228881836],[0.27142858505249023,0.6000000238418579],[0.2971428632736206,0.6660000085830688],[0.31285715103149414,0.7300000190734863],[0.3199999928474426,0.7960000038146973],[0.3328571319580078,0.8519999980926514],[0.3571428656578064,0.906000018119812],[0.4214285612106323,0.9100000262260437],[0.47428572177886963,0.8960000276565552],[0.5271428823471069,0.8939999938011169],[0.5799999833106995,0.9179999828338623],[0.6371428370475769,0.9340000152587891],[0.6942856907844543,0.949999988079071],[0.7528571486473083,0.9580000042915344],[0.8128571510314941,0.9679999947547913],[0.4878959655761719,0.5790205001831055],[0.7306144833564758,0.693711519241333]],"vertex_number":52,"vertices":[[615.0,486.0],[657.0,479.0],[675.0,448.0],[678.0,414.0],[667.0,377.0],[651.0,342.0],[634.0,308.0],[612.0,277.0],[588.0,248.0],[578.0,209.0],[556.0,179.0],[530.0,154.0],[501.0,130.0],[480.0,149.0],[457.0,164.0],[419.0,152.0],[379.0,144.0],[335.0,140.0],[290.0,140.0],[251.0,136.0],[241.0,100.0],[235.0,59.0],[219.0,25.0],[179.0,21.0],[150.0,44.0],[132.0,77.0],[116.0,110.0],[91.0,134.0],[58.0,154.0],[29.0,176.0],[14.0,204.0],[38.0,230.0],[82.0,231.0],[122.0,227.0],[166.0,228.0],[178.0,263.0],[190.0,300.0],[208.0,333.0],[219.0,365.0],[224.0,398.0],[233.0,426.0],[250.0,453.0],[295.0,455.0],[332.0,448.0],[369.0,447.0],[406.0,459.0],[446.0,467.0],[486.0,475.0],[527.0,479.0],[569.0,484.0],[341.5271911621094,289.51025390625],[511.4301452636719,346.8557434082031]]}