{"auxiliary_edge":[["5","22","129.838364"],["23","6","126.015869"],["13","4","187.256516"],["22","20","99.624290"],["21","13","148.222809"],["23","14","164.176727"],["5","12","162.163498"],["6","11","144.557953"],["7","13","152.970581"],["7","10","112.378822"],["8","12","127.141655"],["9","11","89.202019"],["44","1","81.492332"],["5","24","123.405838"],["21","15","130.495209"],["14","19","139.402298"],["16","20","106.892471"],["15","18","115.485931"],["17","19","72.401657"],["34","36","93.941475"],["35","33","82.389320"],["23","3","130.648376"],["4","45","197.007462"],["30","45","195.918457"],["29","31","98.671173"],["40","46","198.634644"],["39","1","187.384628"],["35","37","103.585716"],["24","2","177.890411"],["3","25","188.451584"],["37","39","99.764725"],["38","36","101.316338"],["40","2","177.901657"],["45","41","181.152390"],["28","46","201.220764"],["29","27","101.400200"],["0","42","86.977005"],["45","38","189.145966"],["39","29","292.865143"],["31","33","101.019798"],["32","30","98.412399"],["32","34","89.805344"],["3","1","91.021973"],["26","24","104.139328"],["25","27","100.439034"],["26","28","99.368004"],["40","42","96.566040"],["41","43","99.724625"]],"avg_edge_length":88.573974609375,"bounding_box":[5.0,1.0,692.0,480.0],"centroid":[345.3577880859375,274.01873779296875],"centroid_tri_idx":25,"edge_list":[["23","13","149.459030"],["13","5","153.717270"],["5","23","81.541397"],["22","21","49.729267"],["21","14","129.065872"],["14","22","142.214630"],["23","22","52.239830"],["22","13","144.183914"],["13","6","148.222809"],["6","5","49.929951"],["12","7","128.996124"],["7","6","47.853943"],["6","12","140.463516"],["11","8","95.770561"],["8","7","49.040798"],["7","11","116.400169"],["10","9","43.416588"],["9","8","52.239830"],["8","10","73.061615"],["44","43","51.244511"],["43","0","42.720020"],["0","44","31.764761"],["11","10","49.979996"],["12","11","51.039200"],["13","12","50.990196"],["4","23","89.000000"],["5","4","34.928497"],["21","20","50.159744"],["20","14","127.318497"],["14","13","50.039986"],["15","14","53.000000"],["20","15","108.189651"],["15","19","101.833199"],["19","16","77.414467"],["16","15","51.351727"],["16","18","70.710678"],["18","17","34.132095"],["17","16","49.648766"],["19","18","49.929951"],["20","19","49.244289"],["46","35","99.412399"],["35","34","44.384682"],["34","46","107.997932"],["4","24","119.970833"],["24","23","48.764740"],["3","24","148.084442"],["4","3","52.345009"],["29","46","166.239792"],["46","30","133.498810"],["30","29","50.447994"],["40","39","47.169907"],["39","45","167.810242"],["45","40","158.649231"],["36","35","51.855568"],["46","36","91.583038"],["3","45","175.355789"],["45","24","159.506195"],["46","38","134.351624"],["38","37","50.477718"],["37","46","109.540695"],["45","1","160.307098"],["1","40","143.087387"],["45","29","179.828308"],["29","28","52.038448"],["28","45","166.819489"],["1","0","49.739319"],["43","1","66.910385"],["39","46","163.786179"],["46","45","169.738510"],["46","32","91.451813"],["32","31","50.477718"],["31","46","108.316612"],["33","32","50.606323"],["46","33","103.731560"],["2","45","157.833374"],["3","2","49.396355"],["37","36","51.739735"],["39","38","49.769470"],["25","45","144.084229"],["45","26","147.446091"],["26","25","50.990196"],["34","33","43.382023"],["25","24","53.150730"],["27","26","50.119858"],["45","27","156.198227"],["1","41","113.885910"],["41","40","49.517673"],["1","42","82.807007"],["42","41","49.040798"],["43","42","50.990196"],["28","27","50.219517"],["2","1","41.868843"],["31","30","48.466484"]],"edge_to_tri":[[0,2],[0,3],[0,11],[1],[1,12],[1,13],[2],[2,13],[3,10],[3],[4,9],[4],[4,10],[5,8],[5],[5,9],[6],[6],[6,8],[7],[7,29],[7],[8],[9],[10],[11,20],[11],[12],[12,14],[13],[14],[14,18],[15,18],[15,17],[15],[16,17],[16],[16],[17],[18],[19,24],[19],[19,37],[20,21],[20],[21,25],[21],[22,45],[22,46],[22],[23],[23,30],[23,27],[24],[24,34],[25,33],[25,38],[26,35],[26],[26,34],[27,44],[27,40],[28,45],[28],[28,43],[29],[29,42],[30,35],[30,45],[31,32],[31],[31,46],[32],[32,37],[33,44],[33],[34],[35],[36,38],[36,39],[36],[37],[38],[39],[39,43],[40,41],[40],[41,42],[41],[42],[43],[44],[46]],"face_indice":[[23,13,5,0,1,2],[22,21,14,3,4,5],[23,22,13,6,7,0],[13,6,5,8,9,1],[12,7,6,10,11,12],[11,8,7,13,14,15],[10,9,8,16,17,18],[44,43,0,19,20,21],[11,10,8,22,18,13],[12,11,7,23,15,10],[13,12,6,24,12,8],[4,23,5,25,2,26],[21,20,14,27,28,4],[13,22,14,7,5,29],[15,14,20,30,28,31],[15,19,16,32,33,34],[16,18,17,35,36,37],[16,19,18,33,38,35],[15,20,19,31,39,32],[46,35,34,40,41,42],[23,4,24,25,43,44],[3,24,4,45,43,46],[29,46,30,47,48,49],[40,39,45,50,51,52],[36,35,46,53,40,54],[3,45,24,55,56,45],[46,38,37,57,58,59],[40,45,1,52,60,61],[45,29,28,62,63,64],[1,0,43,65,20,66],[39,46,45,67,68,51],[46,32,31,69,70,71],[33,32,46,72,69,73],[2,45,3,74,55,75],[37,36,46,76,54,59],[46,39,38,67,77,57],[25,45,26,78,79,80],[46,34,33,42,81,73],[24,45,25,56,78,82],[27,26,45,83,79,84],[40,1,41,61,85,86],[41,1,42,85,87,88],[42,1,43,87,66,89],[45,28,27,64,90,84],[1,45,2,60,74,91],[45,46,29,68,47,62],[46,31,30,71,92,48]],"face_number":47,"img_height":500,"img_path":".\\image\\018.png","img_width":700,"indices":[23,13,5,22,21,14,23,22,13,13,6,5,12,7,6,11,8,7,10,9,8,44,43,0,11,10,8,12,11,7,13,12,6,4,23,5,21,20,14,13,22,14,15,14,20,15,19,16,16,18,17,16,19,18,15,20,19,46,35,34,23,4,24,3,24,4,29,46,30,40,39,45,36,35,46,3,45,24,46,38,37,40,45,1,45,29,28,1,0,43,39,46,45,46,32,31,33,32,46,2,45,3,37,36,46,46,39,38,25,45,26,46,34,33,24,45,25,27,26,45,40,1,41,41,1,42,42,1,43,45,28,27,1,45,2,45,46,29,46,31,30],"negative_edge":[["7","44","227.149734"],["44","6","207.183487"],["6","44","207.183487"],["8","44","261.227875"],["44","7","227.149734"],["9","44","307.234436"],["44","8","261.227875"],["16","11","244.534256"],["11","15","194.200928"],["15","11","194.200928"],["11","16","244.534256"],["16","10","294.457123"],["27","20","205.204773"],["20","26","167.919617"],["29","18","370.487518"],["18","28","320.351379"],["30","18","420.880035"],["18","29","370.487518"],["26","20","167.919617"],["20","27","205.204773"],["27","19","238.449158"],["19","27","238.449158"],["27","18","278.820740"],["28","18","320.351379"],["18","27","278.820740"]],"norm_from_centroidArray":[[0.18769897520542145,0.9822266101837158],[0.08182694762945175,0.996646523475647],[0.33166569471359253,0.9433969259262085],[0.6511675119400024,0.758933961391449],[0.8867291212081909,0.462289422750473],[0.9509045481681824,0.3094843626022339],[0.9308419823646545,0.36542201042175293],[0.9253755211830139,0.37905147671699524],[0.9312052130699158,0.36449533700942993],[0.9449289441108704,0.32727566361427307],[0.9774425029754639,0.21120136976242065],[0.9962708950042725,0.08628077059984207],[0.9990940690040588,-0.04255611076951027],[0.9828159213066101,-0.1845884919166565],[0.9364400506019592,-0.3508278429508209],[0.8683298826217651,-0.4959871470928192],[0.7894048690795898,-0.6138728260993958],[0.7008863091468811,-0.7132729291915894],[0.6421808004379272,-0.7665532827377319],[0.6590060591697693,-0.7521377205848694],[0.6912572383880615,-0.722608745098114],[0.7546526193618774,-0.6561245918273926],[0.8626352548599243,-0.5058263540267944],[0.9819347262382507,-0.18922026455402374],[0.8665645122528076,-0.49906498193740845],[0.45270901918411255,-0.8916583061218262],[0.031377848237752914,-0.9995076060295105],[-0.2769564390182495,-0.9608824849128723],[-0.5092337727546692,-0.8606282472610474],[-0.6882118582725525,-0.725509762763977],[-0.8116129636764526,-0.584195613861084],[-0.8923859000205994,-0.451273113489151],[-0.9501466155052185,-0.31180354952812195],[-0.9795430898666382,-0.20123426616191864],[-0.9968639612197876,-0.07913438975811005],[-0.9988247752189636,0.04846547171473503],[-0.9826226234436035,0.18561501801013947],[-0.9402778148651123,0.3404083251953125],[-0.8732131123542786,0.4873385727405548],[-0.7754266858100891,0.6314375400543213],[-0.634059727191925,0.7732841372489929],[-0.43925294280052185,0.8983634114265442],[-0.2244214117527008,0.9744922518730164],[0.007465027738362551,0.9999721646308899],[0.22783122956752777,0.9737006425857544]],"rotate_array":[[0.0,0.0],[0.0,0.0],[0.0,0.0],[0.0,0.0],[0.0,0.0],[0.0,0.0],[0.0,0.0],[0.0,0.0],[0.0,0.0],[0.0,0.0],[0.0,0.0],[0.0,0.0],[0.0,0.0],[0.0,0.0],[0.0,0.0],[0.0,0.0],[0.0,0.0],[0.0,0.0],[0.0,0.0],[0.0,0.0],[0.0,0.0],[0.0,0.0],[0.0,0.0],[0.0,0.0],[0.0,0.0],[0.0,0.0],[0.0,0.0],[0.0,0.0],[0.0,0.0],[0.0,0.0],[0.0,0.0],[0.0,0.0],[0.0,0.0],[0.0,0.0],[0.0,0.0],[0.0,0.0],[0.0,0.0],[0.0,0.0],[0.0,0.0],[0.0,0.0],[0.0,0.0],[0.0,0.0],[0.0,0.0],[0.0,0.0],[0.0,0.0]],"skin_edge":[["0","1","49.739319"],["1","2","41.868843"],["2","3","49.396355"],["3","4","52.345009"],["4","5","34.928497"],["5","6","49.929951"],["6","7","47.853943"],["7","8","49.040798"],["8","9","52.239830"],["9","10","43.416588"],["10","11","49.979996"],["11","12","51.039200"],["12","13","50.990196"],["13","14","50.039986"],["14","15","53.000000"],["15","16","51.351727"],["16","17","49.648766"],["17","18","34.132095"],["18","19","49.929951"],["19","20","49.244289"],["20","21","50.159744"],["21","22","49.729267"],["22","23","52.239830"],["23","24","48.764740"],["24","25","53.150730"],["25","26","50.990196"],["26","27","50.119858"],["27","28","50.219517"],["28","29","52.038448"],["29","30","50.447994"],["30","31","48.466484"],["31","32","50.477718"],["32","33","50.606323"],["33","34","43.382023"],["34","35","44.384682"],["35","36","51.855568"],["36","37","51.739735"],["37","38","50.477718"],["38","39","49.769470"],["39","40","47.169907"],["40","41","49.517673"],["41","42","49.040798"],["42","43","50.990196"],["43","44","51.244511"],["44","0","31.764761"]],"skin_point_number":45,"uvs":[[0.5471428632736206,0.9419999718666077],[0.5114285945892334,0.8560000061988831],[0.5571428537368774,0.8019999861717224],[0.6171428561210632,0.75],[0.6714285612106323,0.6779999732971191],[0.7171428799629211,0.6499999761581421],[0.7771428823471069,0.7039999961853027],[0.8385714292526245,0.7459999918937683],[0.9057142734527588,0.7739999890327454],[0.9800000190734863,0.7839999794960022],[0.9957143068313599,0.699999988079071],[0.9714285731315613,0.6060000061988831],[0.9300000071525574,0.5220000147819519],[0.881428599357605,0.44600000977516174],[0.8785714507102966,0.34599998593330383],[0.8785714507102966,0.23999999463558197],[0.8700000047683716,0.1379999965429306],[0.8471428751945496,0.04399999976158142],[0.7985714077949524,0.03799999877810478],[0.7599999904632568,0.12200000137090683],[0.7257142663002014,0.20800000429153442],[0.6971428394317627,0.30000001192092896],[0.6785714030265808,0.3959999978542328],[0.6714285612106323,0.5],[0.6100000143051147,0.45399999618530273],[0.5528571605682373,0.3840000033378601],[0.4985714256763458,0.3160000145435333],[0.4357142746448517,0.2680000066757202],[0.36571428179740906,0.2460000067949295],[0.2914285659790039,0.25],[0.22142857313156128,0.27399998903274536],[0.15714286267757416,0.3100000023841858],[0.09714286029338837,0.3659999966621399],[0.034285712987184525,0.41600000858306885],[0.0071428571827709675,0.49399998784065247],[0.022857142612338066,0.5799999833106995],[0.07000000029802322,0.6600000262260437],[0.11857143044471741,0.7379999756813049],[0.1785714328289032,0.7940000295639038],[0.2442857176065445,0.8320000171661377],[0.30714285373687744,0.8659999966621399],[0.35857143998146057,0.9340000152587891],[0.4242857098579407,0.9679999947547913],[0.4957142770290375,0.9879999756813049],[0.5685714483261108,0.9980000257492065],[0.39953306317329407,0.5762624144554138],[0.15965774655342102,0.5266045928001404]],"vertex_number":47,"vertices":[[383.0,471.0],[358.0,428.0],[390.0,401.0],[432.0,375.0],[470.0,339.0],[502.0,325.0],[544.0,352.0],[587.0,373.0],[634.0,387.0],[686.0,392.0],[697.0,350.0],[680.0,303.0],[651.0,261.0],[617.0,223.0],[615.0,173.0],[615.0,120.0],[609.0,69.0],[593.0,22.0],[559.0,19.0],[532.0,61.0],[508.0,104.0],[488.0,150.0],[475.0,198.0],[470.0,250.0],[427.0,227.0],[387.0,192.0],[349.0,158.0],[305.0,134.0],[256.0,123.0],[204.0,125.0],[155.0,137.0],[110.0,155.0],[68.0,183.0],[24.0,208.0],[5.0,247.0],[16.0,290.0],[49.0,330.0],[83.0,369.0],[125.0,397.0],[171.0,416.0],[215.0,433.0],[251.0,467.0],[297.0,484.0],[347.0,494.0],[398.0,499.0],[279.67315673828125,288.1312255859375],[111.76042175292969,263.30230712890625]]}